647.03,0.071425029,0.053568771,0.066464957,0.065472943,0.070433014,0.075393086,0.061504886,0.073409057,0.068448986,0.072417043,0.067456971,0.074401071,0.0763851,0.0763851,0.075393086,0.068448986,0.077377114
647.091,0.085259944,0.076337391,0.076337391,0.075345997,0.074354602,0.08030297,0.068406234,0.067414839,0.06344926,0.062457866,0.083277154,0.075345997,0.074354602,0.06344926,0.083277154,0.069397629,0.074354602
647.152,0.07907248,0.073142044,0.070176826,0.067211608,0.073142044,0.067211608,0.070176826,0.077095668,0.065234796,0.076107262,0.082037698,0.067211608,0.089944946,0.076107262,0.07413045,0.076107262,0.070176826
647.212,0.073421439,0.068460531,0.079374529,0.071437076,0.079374529,0.067468349,0.064491805,0.072429257,0.074413621,0.078382347,0.083343255,0.069452713,0.077390165,0.074413621,0.074413621,0.067468349,0.084335437
647.273,0.074488266,0.065549674,0.071508735,0.058597436,0.067536027,0.070515558,0.060583789,0.065549674,0.058597436,0.073495089,0.075481442,0.075481442,0.078460973,0.066542851,0.072501912,0.068529204,0.06356332
647.334,0.078255012,0.074292733,0.083207861,0.085189001,0.074292733,0.073302163,0.073302163,0.081226722,0.079245582,0.08717014,0.08717014,0.073302163,0.08816071,0.095094698,0.08816071,0.078255012,0.081226722
647.394,0.065188404,0.063212998,0.068151514,0.071114623,0.072102326,0.068151514,0.075065435,0.071114623,0.05432367,0.065188404,0.080991654,0.073090029,0.075065435,0.073090029,0.081979357,0.069139217,0.080003951
647.455,0.068113839,0.079959724,0.091805609,0.07107531,0.069100996,0.085882667,0.076998253,0.089831295,0.069100996,0.088844138,0.086869824,0.072062467,0.078972567,0.080946881,0.086869824,0.088844138,0.085882667
647.516,0.081188923,0.079208705,0.082179031,0.077228487,0.076238379,0.069307617,0.08316914,0.08316914,0.071287835,0.079208705,0.09208012,0.078218596,0.089109793,0.080198814,0.079208705,0.069307617,0.086139467
647.576,0.076489813,0.08046331,0.079469936,0.074503065,0.074503065,0.07350969,0.075496439,0.078476561,0.071522942,0.077483187,0.086423555,0.081456684,0.074503065,0.078476561,0.085430181,0.071522942,0.082450058
647.637,0.075147081,0.078113413,0.077124635,0.076135858,0.084046077,0.074158303,0.087012409,0.078113413,0.071191971,0.087012409,0.093933851,0.078113413,0.080090968,0.085034854,0.081079745,0.0830573,0.094922628
647.698,0.062350927,0.064330321,0.059381835,0.06136123,0.074227294,0.063340624,0.075216991,0.058392138,0.063340624,0.058392138,0.062350927,0.069278808,0.063340624,0.062350927,0.086103661,0.069278808,0.06828911
647.758,0.065384082,0.069346754,0.06142141,0.073309425,0.070337421,0.067365418,0.065384082,0.069346754,0.06637475,0.067365418,0.076281429,0.071328089,0.088169444,0.076281429,0.077272097,0.074300093,0.059440074
647.819,0.069357747,0.079265997,0.082238472,0.084220122,0.077284347,0.092146721,0.087192597,0.076293522,0.083229297,0.080256822,0.080256822,0.079265997,0.076293522,0.080256822,0.096110021,0.074311872,0.083229297
647.879,0.08523037,0.077301963,0.083248268,0.075319862,0.078293014,0.078293014,0.080275116,0.074328811,0.079284065,0.079284065,0.096131929,0.079284065,0.094149827,0.081266167,0.100096132,0.086221421,0.094149827
647.94,0.077246843,0.074275811,0.079227532,0.076256499,0.078237187,0.085169596,0.065362714,0.072295123,0.083188908,0.079227532,0.083188908,0.073285467,0.094082694,0.083188908,0.082198564,0.06932409,0.092102005
648,0.082081508,0.073181103,0.082081508,0.073181103,0.091970846,0.073181103,0.074170037,0.089992979,0.088015111,0.070214302,0.097904449,0.076147905,0.087026177,0.08010364,0.091970846,0.089992979,0.091970846
648.061,0.083072906,0.089006685,0.088017722,0.08406187,0.087028759,0.082083943,0.085050833,0.088017722,0.082083943,0.074172238,0.090984612,0.075161201,0.092962538,0.086039796,0.085050833,0.085050833,0.089995649
648.122,0.079156978,0.068272894,0.077178054,0.088062138,0.077178054,0.081135903,0.086083214,0.076188592,0.079156978,0.079156978,0.073220205,0.072230743,0.102904072,0.082125365,0.103893534,0.084104289,0.093009449
648.182,0.088053426,0.098936433,0.09596834,0.084095968,0.097947069,0.09596834,0.090032154,0.078159782,0.085085333,0.090032154,0.098936433,0.092010883,0.104872619,0.091021519,0.101904526,0.092010883,0.097947069
648.243,0.080148026,0.081137508,0.083116472,0.074211136,0.088063881,0.091032326,0.085095436,0.072232172,0.090042845,0.088063881,0.099937663,0.087074399,0.09301129,0.094990254,0.091032326,0.080148026,0.097958699
648.303,0.08014089,0.086077252,0.092013614,0.084098464,0.092013614,0.087066646,0.081130283,0.089045433,0.086077252,0.088056039,0.093003008,0.089045433,0.09102422,0.085087858,0.086077252,0.076183315,0.09102422
648.364,0.085246422,0.083263947,0.081281472,0.084255184,0.088220134,0.083263947,0.087228897,0.082272709,0.086237659,0.083263947,0.098132509,0.07434281,0.097141271,0.080290234,0.089211371,0.083263947,0.093176321
648.424,0.08107253,0.091948114,0.080083841,0.085027288,0.086015977,0.073163015,0.086015977,0.077117773,0.086015977,0.084038598,0.086015977,0.077117773,0.088982045,0.069208258,0.093925492,0.088982045,0.101835008
648.484,0.080212315,0.077241489,0.074270662,0.085163693,0.080212315,0.078231764,0.083183142,0.074270662,0.07922204,0.074270662,0.089124795,0.078231764,0.093085896,0.080212315,0.096056723,0.066348458,0.088134519
648.545,0.082018242,0.078065555,0.092888129,0.085970928,0.083006413,0.070160183,0.076089212,0.078065555,0.078065555,0.074112869,0.088935443,0.077077384,0.095852644,0.084982756,0.084982756,0.08103007,0.09980533
648.605,0.084985276,0.080044271,0.082020673,0.084985276,0.095855486,0.086961678,0.079056071,0.075103267,0.083008874,0.084985276,0.085973477,0.07806787,0.096843686,0.082020673,0.096843686,0.07806787,0.091902682
648.666,0.084949179,0.076059148,0.080998054,0.084949179,0.076059148,0.068156899,0.084949179,0.071120243,0.080998054,0.082973616,0.09482699,0.071120243,0.09482699,0.080998054,0.097790334,0.076059148,0.09482699
648.726,0.081041282,0.083017898,0.080052973,0.085982823,0.08202959,0.079064665,0.066216657,0.08202959,0.079064665,0.075111432,0.090924365,0.078076357,0.092900981,0.085982823,0.102784065,0.069181582,0.090924365
648.786,0.093996121,0.089048957,0.093006689,0.102901017,0.092017256,0.101911584,0.093006689,0.075196897,0.088059524,0.093006689,0.11774251,0.081133494,0.122689674,0.102901017,0.094985554,0.088059524,0.102901017
648.847,0.07224218,0.082138369,0.083127987,0.077190274,0.088076082,0.083127987,0.084117606,0.087086463,0.088076082,0.075211036,0.108858079,0.079169512,0.095993033,0.076200655,0.093024176,0.085107225,0.095993033
648.907,0.070283808,0.081172849,0.093051802,0.084142587,0.090082064,0.077213198,0.072263634,0.076223285,0.077213198,0.086122413,0.088102238,0.083152674,0.104930756,0.093051802,0.106910581,0.079193023,0.096021541
648.968,0.094856036,0.113629627,0.111653459,0.09584412,0.106713041,0.09584412,0.10374879,0.101772622,0.108689208,0.108689208,0.12252238,0.113629627,0.116593878,0.096832204,0.126474715,0.089915618,0.110665376
649.028,0.095187102,0.093204038,0.097170167,0.097170167,0.098161699,0.108077022,0.096178634,0.090229441,0.104110893,0.095187102,0.10708549,0.086263311,0.104110893,0.099153231,0.097170167,0.089237908,0.110060087
649.088,0.121038951,0.1011965,0.110125603,0.104172867,0.104172867,0.108141358,0.096235887,0.108141358,0.10516499,0.1011965,0.112109848,0.104172867,0.124015318,0.107149235,0.11310197,0.099212255,0.115086215
649.148,0.099832953,0.077098716,0.097856063,0.091925392,0.099832953,0.095879172,0.112682739,0.091925392,0.107740513,0.095879172,0.118613409,0.097856063,0.119601854,0.112682739,0.115648074,0.108728958,0.115648074
649.209,0.10282878,0.109749948,0.109749948,0.099862565,0.111727425,0.100851304,0.100851304,0.08602023,0.101840042,0.090963921,0.116671116,0.098873827,0.120626069,0.098873827,0.118648593,0.099862565,0.110738686
649.269,0.090997211,0.094953611,0.096931811,0.093964511,0.097920912,0.096931811,0.107811913,0.089019011,0.104844612,0.097920912,0.111768313,0.080117109,0.123637515,0.103855512,0.123637515,0.08308441,0.127593915
649.329,0.104011887,0.107974245,0.103021298,0.098068351,0.101040119,0.094105993,0.094105993,0.096087172,0.094105993,0.098068351,0.116889549,0.09905894,0.130757801,0.096087172,0.107974245,0.089153046,0.125804854
649.39,0.107991361,0.114926586,0.106009868,0.098083896,0.119880318,0.107991361,0.106009868,0.101056136,0.108982107,0.103037629,0.125824796,0.115917332,0.134741514,0.103037629,0.1387045,0.1109636,0.137713754
649.45,0.110837317,0.115785411,0.120733506,0.103909984,0.111826935,0.101930746,0.09896189,0.105889222,0.119743887,0.104899603,0.141515502,0.095993033,0.126671219,0.108858079,0.126671219,0.111826935,0.135577789
649.51,0.109690298,0.119572307,0.104749293,0.121548708,0.113643101,0.103761093,0.103761093,0.10079649,0.098820088,0.106725695,0.14625373,0.098820088,0.140324525,0.118584106,0.124513311,0.104749293,0.131430717
649.57,0.117902329,0.123846985,0.117902329,0.113939226,0.114930002,0.102049915,0.103040691,0.108985346,0.118893105,0.104031467,0.137717847,0.11294845,0.149607157,0.116911553,0.12979164,0.114930002,0.125828536
649.63,0.108610867,0.126383554,0.129345669,0.118484582,0.116509839,0.112560353,0.114535096,0.120459325,0.118484582,0.127370926,0.146130985,0.11058561,0.169827901,0.135269898,0.152055214,0.135269898,0.151067842
649.691,0.114419862,0.105542459,0.114419862,0.116392618,0.111460727,0.101596946,0.108501593,0.113433484,0.09962419,0.112447105,0.152888608,0.109487971,0.141052071,0.111460727,0.129215533,0.110474349,0.144011205
649.751,0.121555916,0.128473732,0.137368067,0.121555916,0.134403289,0.11364984,0.123532435,0.116614618,0.129461992,0.125508954,0.157133257,0.106732024,0.163062814,0.120567656,0.15219196,0.127485473,0.155156738
649.811,0.124688279,0.128646637,0.129636227,0.131615406,0.127657048,0.116771563,0.121719511,0.120729921,0.130625816,0.130625816,0.163282271,0.12369869,0.16526145,0.134584174,0.159323912,0.1227091,0.153386375
649.871,0.132367904,0.135331364,0.130392263,0.126440983,0.129404443,0.120514062,0.127428803,0.127428803,0.135331364,0.133355724,0.175831992,0.114587141,0.173856351,0.126440983,0.155087768,0.134343544,0.16595379
649.931,0.137450928,0.137450928,0.145361773,0.133495506,0.160194607,0.150306051,0.135473217,0.135473217,0.155250329,0.138439784,0.182938286,0.136462072,0.182938286,0.151294906,0.183927141,0.152283762,0.172060874
649.991,0.146067527,0.127315614,0.145080584,0.147054469,0.141132813,0.136198099,0.142119756,0.142119756,0.139158927,0.142119756,0.193440779,0.1292895,0.191466893,0.156923897,0.173701924,0.149028355,0.184558294
650.052,0.163361484,0.154450858,0.170291972,0.150490579,0.158411136,0.163361484,0.143560092,0.153460788,0.14950051,0.138609744,0.211874895,0.142570023,0.2247458,0.161381345,0.19999406,0.157421067,0.203954338
650.112,0.16473327,0.152896149,0.159801136,0.152896149,0.154869003,0.153882576,0.170651831,0.159801136,0.155855429,0.160787563,0.217013889,0.145991162,0.213068182,0.156841856,0.189393939,0.159801136,0.218986742
650.172,0.174107452,0.154322514,0.166193477,0.159268749,0.167182724,0.169161218,0.16520423,0.160257996,0.158279502,0.156301008,0.220602056,0.163225736,0.221591303,0.168171971,0.208731093,0.164214983,0.20972034
650.232,0.153281712,0.165148683,0.165148683,0.149326055,0.151303883,0.142403655,0.155259541,0.132514512,0.154270626,0.160204112,0.220527882,0.139436912,0.225472454,0.151303883,0.198771768,0.153281712,0.216572225
650.292,0.170778176,0.175713961,0.168803862,0.160906605,0.173739647,0.154983663,0.157945134,0.161893762,0.152022191,0.181636904,0.245802114,0.156957977,0.260609471,0.176701118,0.232969072,0.167816705,0.246789272
650.352,0.171799252,0.157976323,0.161925731,0.164887787,0.158963675,0.151064859,0.162913083,0.137241931,0.156001619,0.166862491,0.237951837,0.145140747,0.26855975,0.174761308,0.229065669,0.168837196,0.237951837
650.412,0.182615047,0.189524806,0.188537698,0.185576373,0.197421673,0.178666614,0.16879553,0.163859989,0.175705289,0.177679506,0.2714548,0.166821314,0.270467692,0.183602156,0.245789983,0.176692397,0.252699741
650.472,0.208415646,0.196562623,0.190636112,0.187672857,0.199525879,0.177795338,0.184709601,0.166930067,0.17384433,0.188660608,0.283484789,0.172856578,0.312129593,0.196562623,0.247925721,0.186685105,0.253852232
650.532,0.207717188,0.201782411,0.213651965,0.199804152,0.199804152,0.182988951,0.16716288,0.171119398,0.175075916,0.189912858,0.287836675,0.180021563,0.323445336,0.205738929,0.282891028,0.182988951,0.262119309
650.592,0.194086758,0.200983242,0.206894513,0.204924089,0.209850149,0.196057182,0.181279002,0.183249426,0.17536773,0.193101546,0.282755835,0.18029379,0.307386134,0.203938877,0.278814987,0.176352942,0.276844563
650.652,0.202712011,0.215504517,0.218456633,0.197791817,0.18598335,0.184999311,0.190903545,0.176142961,0.181063156,0.211568361,0.329653028,0.177127,0.349333806,0.201727972,0.294227628,0.198775856,0.298163783
650.712,0.212888546,0.215818205,0.214841652,0.197263699,0.218747864,0.199216805,0.180662298,0.19433404,0.192380934,0.188474722,0.367183914,0.185545063,0.371090126,0.213865099,0.317379713,0.211911993,0.317379713
650.772,0.228238627,0.245946797,0.222335904,0.208562884,0.218400756,0.197741225,0.212498032,0.208562884,0.221352117,0.215449394,0.388595939,0.193806076,0.410239257,0.218400756,0.350228239,0.224303479,0.348260664
650.832,0.231051779,0.221177772,0.226114775,0.207354161,0.235988783,0.207354161,0.200442356,0.19353055,0.209328962,0.218215569,0.407796516,0.187606146,0.413720921,0.238950985,0.34756507,0.220190371,0.355464276
650.892,0.249770468,0.245821528,0.241872587,0.238910882,0.242859822,0.240885352,0.217191711,0.218178946,0.221140651,0.228051297,0.435370657,0.206332126,0.466962179,0.245821528,0.378111024,0.227064062,0.3830472
650.952,0.264945182,0.242207349,0.247150356,0.240230146,0.253081965,0.215515111,0.220458118,0.225401125,0.230344132,0.228366929,0.45080225,0.208594901,0.491334909,0.258024972,0.4162012,0.228366929,0.412246794
651.011,0.268780015,0.260874721,0.260874721,0.26581553,0.278661634,0.261862883,0.234194352,0.22233641,0.260874721,0.250993103,0.476293998,0.24407597,0.534595545,0.294472223,0.462459732,0.272732663,0.453566276
651.071,0.31016328,0.265713129,0.276578721,0.260774223,0.273615378,0.251884193,0.2410186,0.237067475,0.242994162,0.253859755,0.543279631,0.233116351,0.570937503,0.296334344,0.464257139,0.282505408,0.491915011
651.131,0.32570075,0.292143703,0.323726806,0.294117647,0.311883143,0.280300039,0.282273983,0.259573628,0.269443348,0.286221871,0.605013818,0.241808133,0.653375444,0.33063561,0.520134228,0.266482432,0.530003948
651.191,0.32647408,0.31361298,0.321527503,0.312623664,0.329442026,0.28986941,0.293826672,0.276018995,0.292837357,0.280965572,0.661851998,0.255243372,0.721210922,0.351206965,0.555005936,0.316580926,0.565888405
651.251,0.374287718,0.342685588,0.345648288,0.329847223,0.347623421,0.30515806,0.30515806,0.274543497,0.301207794,0.307133193,0.740674903,0.285406729,0.793015929,0.346635855,0.609328554,0.321946691,0.625129618
651.311,0.396092415,0.35658195,0.378312706,0.34472881,0.354606426,0.334851194,0.301267298,0.310157153,0.336826717,0.325961339,0.815891109,0.285463112,0.850462766,0.40498227,0.690445382,0.349667618,0.672665672
651.371,0.413117211,0.388468213,0.394383972,0.367763054,0.373678814,0.356917495,0.323394857,0.325366777,0.331282537,0.354945575,0.897223537,0.318465058,0.932718094,0.42001893,0.753273387,0.391426092,0.742427828
651.43,0.450392739,0.405057802,0.411956597,0.386332502,0.405057802,0.374505997,0.343954192,0.340012024,0.367607202,0.36169395,0.98652764,0.323257808,1.087052933,0.44152286,0.824898736,0.395202381,0.816028857
651.49,0.464440645,0.446653557,0.457523444,0.404162179,0.444677214,0.387363262,0.372540688,0.364635315,0.382422404,0.385386919,1.086000573,0.333013825,1.193711276,0.483215906,0.895283457,0.433807326,0.891330771
651.55,0.496025876,0.481233852,0.480247717,0.456580478,0.490109067,0.447705264,0.398398517,0.382620358,0.415162811,0.419107351,1.269155671,0.388537167,1.331282173,0.556180108,1.001913102,0.466441828,0.984162673
651.61,0.568008126,0.509826738,0.52166024,0.515743489,0.527576992,0.471367854,0.440797973,0.418117093,0.452631475,0.456575976,1.367755678,0.426006094,1.531452464,0.570966501,1.08473774,0.499965486,1.10939087
651.669,0.620891521,0.547961406,0.557816827,0.511496349,0.553874659,0.510510806,0.46517587,0.443493944,0.481930086,0.50755418,1.561098682,0.434624065,1.722727586,0.6110361,1.250652922,0.539091527,1.205317985
651.729,0.673207905,0.625826703,0.630762245,0.552780684,0.62780092,0.535999842,0.521193217,0.490592857,0.534025625,0.532051409,1.729413855,0.480721774,1.959410104,0.689001639,1.398732553,0.59127791,1.397745444
651.789,0.749654764,0.685539554,0.697376208,0.64608404,0.680607615,0.576050503,0.561254685,0.558295522,0.594791872,0.5681594,1.928388242,0.525744723,2.14933912,0.753600316,1.546656145,0.622410732,1.562438351
651.849,0.812528281,0.708257097,0.741702571,0.681697456,0.734816738,0.622676031,0.603002223,0.563654607,0.659072577,0.622676031,2.212319739,0.542013418,2.420862106,0.805642448,1.69194751,0.689566979,1.741132031
651.908,0.917187161,0.795026895,0.823596635,0.754635194,0.823596635,0.683703426,0.652178196,0.62754911,0.65316336,0.711288003,2.523003566,0.611786495,2.795893839,0.888617422,1.925994522,0.759561011,1.973282368
651.968,0.960875136,0.880063073,0.872178969,0.807135114,0.893860254,0.761801518,0.713511383,0.650438553,0.740120233,0.758844979,2.856016557,0.646496501,3.186163398,0.983541934,2.129693505,0.823888834,2.173056076
652.028,1.09539383,0.955514402,0.97226053,0.924977343,0.9614248,0.861933094,0.818590173,0.757516057,0.833366169,0.838291501,3.252689231,0.716143268,3.627999527,1.113125025,2.430158793,0.909216281,2.509949171
652.087,1.211471086,1.11600992,1.096327205,0.991024682,1.107152699,0.936897217,0.881785616,0.840451915,0.923119317,0.93394481,3.720033067,0.789276857,4.262291855,1.245915837,2.765421407,1.037279062,2.883517695
652.147,1.3433511,1.161418484,1.210589462,1.104380151,1.19288791,1.023739748,0.960800897,0.929331471,0.980469288,1.023739748,4.323112326,0.870326299,4.714513306,1.381704463,3.158743583,1.092579116,3.264952894
652.207,1.492478422,1.330702836,1.322811344,1.227127004,1.357336621,1.161035758,1.068310727,0.980517879,1.113686806,1.113686806,4.916399507,0.952897657,5.452034525,1.558569667,3.61134402,1.263625154,3.697163995
652.266,1.665963521,1.471699224,1.516831333,1.384378403,1.512906802,1.245057543,1.166566918,1.092981957,1.224453754,1.228378286,5.608155176,1.041963051,6.272382092,1.716001295,4.181588062,1.394189731,4.193361655
652.326,1.918542968,1.648394829,1.728948092,1.560965067,1.729930449,1.394946756,1.313411136,1.224016661,1.356634838,1.377264333,6.387284373,1.181775315,7.153522732,1.926401823,4.747730756,1.547212071,4.741836614
652.385,2.140050935,1.866621918,1.917951553,1.767911081,1.915977336,1.562592541,1.430320021,1.387874361,1.491520739,1.550747241,7.324344066,1.274356899,8.162399068,2.19138057,5.459696365,1.771859515,5.50510335
652.445,2.452718676,2.147360126,2.150315209,1.969070134,2.132584712,1.805555556,1.638100867,1.553388495,1.717888101,1.746453901,8.401300236,1.470646178,9.353821907,2.453703704,6.149527187,1.965130024,6.304176517
652.505,2.767025373,2.410628545,2.398748651,2.207680352,2.459138114,1.97305244,1.837423647,1.692884933,1.883953233,1.959192563,9.650434111,1.622595559,10.70972468,2.743265585,7.121006623,2.184910554,7.258615398
652.564,3.12038877,2.684596769,2.766246286,2.455387884,2.774116119,2.245853582,2.054026403,1.891711098,2.134692191,2.14748067,10.96070986,1.816947685,12.0398607,3.135144707,8.106911681,2.492769591,8.292836485
652.624,3.559912038,3.094460935,3.155600698,2.773970239,3.130947568,2.537300186,2.35092252,2.150739101,2.401214906,2.50771643,12.50801227,2.026487323,13.69530703,3.570759415,9.372134074,2.828207126,9.454968592
652.683,4.062219681,3.487535363,3.504292882,3.251944365,3.540765129,2.838920816,2.650645164,2.409139748,2.700917721,2.852721125,14.08124439,2.31549479,15.39128806,4.109535028,10.69819709,3.250958629,10.85492917
652.743,4.641412647,4.004143238,4.022886456,3.676630167,4.098845812,3.254414521,2.963401401,2.791752984,3.048239124,3.167603828,16.0333432,2.616158627,17.31971984,4.736115221,12.27286179,3.637170761,12.40998323
652.802,5.352201755,4.599177801,4.64463594,4.146572852,4.700964503,3.705826548,3.344137877,3.156375998,3.483476955,3.640604,18.01031702,2.915250217,19.56281129,5.308720057,13.91216697,4.181160566,14.24322081
652.862,6.137948698,5.171598566,5.362701446,4.699751763,5.313448126,4.173726309,3.885101856,3.536388353,4.006265022,4.127428189,20.23523385,3.331494543,21.7640569,6.151739627,15.76401749,4.693841365,15.93935931
652.921,7.086629727,6.050549646,6.091044673,5.399666163,6.177960828,4.806068328,4.451489921,4.031724397,4.569024267,4.800142226,22.84413365,3.78184045,24.16664197,7.063913005,17.97979199,5.522138928,18.15461199
652.981,8.11479856,6.939198185,7.045712313,6.292223482,7.079244539,5.46082154,5.051531141,4.647171951,5.200453671,5.351348686,25.44898664,4.308890971,26.88791361,8.16608314,20.40140046,6.268553676,20.65289215
653.04,9.517261846,7.959244238,8.200613315,7.270748838,8.175882877,6.282520526,5.790879414,5.391235533,5.989712138,6.195469384,28.47858344,5.039074092,29.76258779,9.284795727,22.85883866,7.234147789,23.14867939
653.099,10.88035451,9.252584934,9.366814377,8.333825702,9.339241753,7.309699655,6.653865091,6.149679961,6.897095027,7.120630231,31.42294436,5.662235352,32.73165928,10.67651403,25.60216642,8.324963072,25.92220581
653.159,12.70465354,10.67723071,10.92246746,9.677419355,10.84800286,8.412514024,7.739354044,7.076122678,7.994519405,8.206991729,34.95765446,6.617420745,36.28213147,12.33828771,28.95382202,9.635719179,29.21295883
653.218,14.54146695,12.24111068,12.40485476,11.20704199,12.58447706,9.736322407,8.820347931,8.124683676,9.120049222,9.486240535,38.6743676,7.577877678,39.63103,14.24970476,32.24567567,11.06016851,32.30521897
653.278,16.73519247,14.18086839,14.4082946,12.90370635,14.45397847,11.21042387,10.27986335,9.386048544,10.53509713,10.91347873,42.02220633,8.711714933,43.32816907,16.25849124,35.6999563,12.65045882,35.8439598
653.337,19.27777888,16.35828845,16.57789614,14.86277004,16.80843453,12.93797325,11.75050182,10.79257507,12.19965419,12.75413876,45.87713894,10.03338832,47.10435837,18.62392432,39.55124511,14.61533875,39.6615458
653.396,22.07682525,18.71646596,19.26195302,17.12769763,19.19339454,14.91792854,13.55570128,12.49056079,14.08032272,14.53837288,49.81320297,11.57744128,51.11581416,21.37335559,43.43229601,16.81272604,43.51277771
653.456,25.490958,21.68783939,21.90703931,19.80371644,22.01165745,17.1513974,15.67478703,14.32670752,16.39017586,16.69705575,54.1373985,13.31340607,54.98231455,24.25247845,47.35814278,19.29258208,47.46276092
653.515,28.96825397,24.70660779,25.20487727,22.50467438,25.18995902,19.7607113,17.9456578,16.48466404,18.53741497,19.23558897,58.04491387,15.45629948,58.87635756,27.58781875,51.28794208,21.80749493,51.49281935
653.574,32.70699177,28.26711059,28.67581092,25.79895931,28.81935445,22.59913475,20.69618613,19.04842601,21.39596084,22.063837,62.40156303,17.74756275,62.81225702,31.0941207,55.51745449,24.92872665,55.54536574
653.634,36.80189411,31.88157816,32.55008854,29.42838384,32.56003661,25.71974294,23.61572591,21.90167327,24.35785201,25.08804043,66.1954597,20.41543145,66.65903981,34.88092159,59.45166232,28.25252184,59.79487077
653.693,41.19761668,35.97120159,36.56405164,33.16186693,36.57696127,29.23237339,27.0754717,24.90466733,27.74379345,28.4836147,69.73783515,23.22740814,69.99900695,38.97914598,63.22939424,32.01191658,63.45580933
653.752,46.0695299,40.34804771,40.69450252,37.46490652,40.95434363,33.202915,30.63337515,28.56957967,31.51345001,32.36465364,73.43249109,26.44704617,74.06765824,43.56967923,67.20626008,35.79137049,67.13059753
653.811,50.55909272,44.90250696,45.59988062,41.73398329,45.71925985,37.25626741,34.47075209,32.1189813,35.5103462,36.50815758,76.77974532,30.03481894,77.05730203,47.80043772,71.01074413,39.91146041,71.04854755
653.871,55.12541382,49.44873592,50.33254794,46.32706016,50.19833577,41.6087566,38.71375029,36.26512372,39.94750813,40.67125971,79.72103751,34.12468808,79.53115214,52.12800859,74.29687733,44.21943193,74.36149801
653.93,59.96776408,54.32150355,55.07964461,51.2750102,55.3074849,46.4585261,43.44984031,40.6212379,44.36219642,45.40787392,82.24835587,38.21050851,82.39958611,56.62378493,77.16522898,48.59763802,77.39804396
653.989,64.24471149,58.8678121,59.77256927,55.63710398,59.56897408,50.99910617,47.93623994,45.06306485,49.15483166,49.83712385,84.42844374,42.62290198,84.52875161,61.01201708,79.98410964,53.09961267,80.29993048
654.048,68.56342728,63.39450635,64.12739081,60.27428549,64.34189358,56.00011917,52.61176985,49.73187154,53.81238952,54.36552861,86.23507915,47.25615206,86.4565334,65.08768794,82.37800155,57.63967507,82.6371924
654.108,72.29188609,67.68943383,68.6552334,64.77514358,68.59660977,60.61584627,57.59623219,54.49712844,58.69915145,59.44436716,88.07158045,51.94054172,87.67910018,69.27823374,84.48262157,61.88867471,84.86218477
654.167,75.86729689,71.53502383,72.53089172,69.10034979,72.54872816,64.80672236,61.99649217,59.1208617,63.19946094,63.88913662,89.06527146,56.65150569,89.13166265,72.77267457,85.93794901,65.94726359,86.14802263
654.226,78.80806501,75.25166041,76.02569559,73.01269932,76.01084837,69.33850677,66.63235309,63.93807719,67.52417623,68.10024844,89.68612973,61.20420869,89.78610102,76.06528818,87.27197141,69.84727158,87.38580012
654.285,81.64199513,78.45847453,79.37895091,76.37278798,79.19069417,73.21502883,70.7805719,68.12615183,71.72185562,71.96262608,90.80019024,65.81951133,90.48312625,79.33139132,88.72044865,73.61532212,88.95329251
654.344,83.59279065,81.12992672,82.26876609,79.62368786,81.86868687,76.61517132,74.65834819,71.85284215,75.68231333,75.73380867,91.33194692,69.80095068,91.1546841,81.7607447,89.55832838,77.01723113,89.69300852
654.403,85.44463461,83.84001266,84.12195918,82.10480496,84.37917355,80.06786502,78.20998585,75.82382794,78.72936102,79.01229683,91.37540437,73.87592375,91.60590802,84.13580919,90.218929,80.18756863,90.47317551
654.462,86.72395529,85.47852172,86.24578008,84.57068182,86.20023958,82.73124177,81.34720668,78.98504094,81.78281143,81.97883357,92.29573602,77.44557416,92.10862398,86.06163807,90.87705056,82.72233167,91.04040234
654.521,88.13322499,87.04316632,87.60504202,86.41390518,87.62486127,85.01367528,83.65110195,81.93079118,84.18126685,84.14856509,92.26553829,80.71091644,92.22292691,87.8825115,91.03179007,84.90070557,91.72348185
654.581,88.74447339,88.06549029,88.71486657,87.40821885,88.64084952,86.3226354,85.33672825,84.06264803,85.89531028,85.91800884,92.42460129,82.93660193,91.94990526,88.56880625,91.40513974,86.41145587,91.54626559
654.64,88.96021932,88.71269945,89.30438041,88.55097332,89.42074433,87.98789026,87.05697888,85.97518884,87.63879849,87.76699604,92.02414058,85.10147329,92.08922549,89.69982052,91.69970219,87.97309824,92.14740745
654.699,89.48239513,89.38289362,90.05083443,88.95434753,89.71390854,89.20162355,88.33862038,87.37907119,88.62825843,88.45191417,92.26646701,86.80669123,91.78373692,90.28037751,91.84481706,88.9415404,91.90885268
654.758,89.65201014,90.07405508,90.28704973,89.71413358,90.48032265,89.64905188,89.73484139,88.82073937,89.90346215,89.33942077,92.33219276,88.28233624,92.04031121,90.97040755,92.03538078,89.94882212,92.24344499
654.817,89.61195089,90.29483061,90.67519363,90.16278749,90.64070476,90.64267555,90.40618041,89.53804616,90.71756568,90.19924716,92.49817702,89.20596756,92.18679175,91.14719852,91.94339883,90.51260322,92.2833606
654.876,89.79794993,90.71358171,91.21230041,90.32130889,91.09304159,91.1718904,91.08712793,90.19712202,90.97279716,90.62684802,92.43642815,90.15966884,92.12103292,91.66765228,92.28464419,91.03981865,92.22747881
654.935,89.89297283,90.36361667,90.88841409,90.56644644,90.9829367,91.13653594,91.47130353,90.65013834,91.16410504,90.89826019,92.22649981,91.01542885,92.11523882,91.72237921,92.20877682,91.23007394,92.30526865
654.994,90.04878338,90.749921,91.43229578,90.74794596,91.38390741,91.54289777,91.87470374,91.25059251,91.62091168,91.49648444,92.67953073,91.3779823,92.30328646,92.47412703,92.35266235,91.92901722,92.65385527
655.053,89.83568144,90.98856957,91.17464631,90.84581229,91.30952733,91.61473255,91.50544939,91.23076469,91.72696931,91.17169271,92.53133276,91.48871233,92.35805496,92.05088066,92.23597287,92.06663319,92.28618405
655.112,89.88906716,90.40681937,91.37243708,90.89701062,91.11651393,91.77797683,91.57422263,91.26219326,91.77207091,91.18344768,92.55165218,91.66773301,92.20714026,91.99944878,92.54869922,91.92267184,92.62252321
655.171,89.73758523,90.61525292,90.99701868,90.89960938,91.26858402,91.64444619,91.79203605,91.27743941,91.7723574,91.28334301,92.83992404,91.6719963,92.26038787,92.34402212,92.47980479,91.84615233,92.65592868
655.229,90.09435821,90.71881648,91.31471121,90.82913088,91.21917107,91.7264203,91.6909621,91.42404066,91.89878654,91.5826176,92.71235521,91.88992199,92.59219132,92.27503743,92.51536522,92.30557088,92.59613112
655.288,89.74958953,90.60985321,91.21646201,90.56659424,90.91659866,91.53303904,91.67166439,91.35213788,91.58023065,91.27053572,92.59190074,91.5104264,92.33333006,92.30481846,92.34906059,92.08065832,92.52701228
655.347,90.33581133,90.9145584,91.34640033,90.91061464,91.51992586,91.84134246,91.898527,91.68753574,91.73979059,91.69739515,93.12996668,92.12529332,92.7020685,92.68925128,92.71192791,92.54628991,92.79080315
655.406,90.01221867,90.85865752,91.50407946,91.05376217,91.2882819,91.94848449,91.73465768,91.4124394,91.92877695,91.4853573,92.83236766,91.75732135,92.79393796,92.52985692,92.82349927,92.55054984,92.75846439
655.465,90.08271779,90.65613597,91.25906109,91.03775905,91.4951166,91.36430251,91.86100265,91.38495736,91.83247927,91.39872727,92.63506801,91.6731418,92.45605925,92.24754355,92.65375574,92.43343726,92.40688102
655.524,89.73205958,90.72174058,91.15178054,90.67952205,91.20283551,91.63287547,91.99124211,91.39920079,91.49934709,91.2990545,93.07321479,91.74480368,92.39771824,92.4595733,92.38004536,91.99026028,92.32997221
655.583,90.13199246,90.90587681,91.0394406,90.97069453,91.1582731,91.68467159,91.77011314,91.37335009,91.67779698,91.2839802,92.62256442,91.47352294,92.50373193,92.67559711,92.50373193,92.15607322,92.1875
655.642,90.41770009,91.32317625,91.44521869,91.16176528,91.57316641,91.77886697,92.31034211,91.4757293,91.92649896,91.64402976,93.4264399,92.21388922,92.87921735,92.80638558,93.0091335,92.64595882,92.92449116
655.7,90.17691378,91.1130539,91.50597735,91.43132189,91.36550722,91.7397668,91.93917545,91.6945806,91.78200607,91.56688048,92.74172159,91.58849127,92.84879323,92.65036689,92.4912329,92.44506439,92.80851858
655.759,90.39859713,91.5472977,91.84186156,91.65665084,92.01426517,92.08815242,92.15514354,91.77585561,92.27631864,91.86353516,93.61811124,92.03790909,93.22897169,92.6359033,92.83293598,92.54723859,92.53935728
655.818,90.1783432,91.28635193,91.49772893,91.37778477,91.88017382,92.21542757,91.96767407,91.54885267,92.12792733,91.54688637,93.47779067,91.70517333,93.06781761,92.5703443,92.47301256,92.59000728,92.59099042
655.877,90.54996356,91.35954459,92.10510765,91.5131877,91.76531999,92.34739102,92.37595288,91.9435854,92.32375362,91.82047393,93.57555105,92.27943349,93.09590876,92.63005496,92.64384344,92.34443635,92.53353556
655.936,90.55528159,91.5573528,92.02781339,91.55242134,91.88874642,92.57816353,92.61169741,92.18561988,92.64227241,92.11756583,93.49935891,92.40556268,93.13245882,92.83854424,92.55843772,92.39175461,92.60084821
655.994,90.79736448,91.76793182,91.97802415,91.66929693,91.8862937,92.20192535,92.58166969,92.38144086,92.44160814,92.26209264,93.37074884,92.72469029,93.09457114,92.88941056,92.68424998,92.63789158,92.72764933
656.053,90.44885743,91.52497317,92.04973959,91.91485591,92.12653467,92.60798078,92.53610846,92.27323297,92.31458417,92.16493221,93.44189664,92.53906212,93.10813339,92.48294263,92.51543286,92.73892625,92.29883134
656.112,90.56720827,91.72427376,92.18808469,91.67503693,92.21861152,92.58493353,92.86853767,92.33874938,92.52683407,92.26193993,93.77351059,92.60758247,93.31757755,92.8882324,92.50221566,92.50221566,92.14574101
656.17,90.54243916,91.64775351,91.62613847,91.42374313,91.92187147,92.38266474,92.54379501,91.87471139,92.61846514,91.94545151,93.27379373,92.43277232,92.82577298,92.24511451,92.08300174,92.43571983,91.942504
656.229,91.16377611,91.86933386,91.97083169,91.68309026,92.28123768,92.56799369,92.94048088,92.40342925,93.03212456,92.45368546,93.96235711,92.72073315,92.92175798,92.83011431,92.6616082,92.64091447,92.21817107
656.288,90.75647628,91.61407205,92.23733052,91.7775174,92.11819265,93.0200959,93.11166468,92.82809685,92.79855853,92.32299164,93.42083239,92.92458868,93.21800262,92.34465307,92.03154692,92.48643699,92.01579315
656.346,90.59837459,91.55750351,91.92209043,91.54472823,92.02134455,92.70826168,92.93035505,92.54021757,92.65322969,92.4930473,93.69785474,92.57166442,93.31852711,92.53235586,91.78156232,92.2768502,92.07834196
656.405,90.9076579,91.88299853,92.35884654,91.69876752,92.18249707,92.85144281,93.26226811,92.56376659,93.08000749,92.62287814,93.7134863,93.04651094,93.41398776,92.61401141,92.19727496,92.41401732,92.29382383
656.464,90.80134773,92.16385561,91.86436003,91.81707125,91.96878941,92.75496532,92.9973203,92.69486917,92.73427648,92.53723991,93.69680013,93.13327554,93.13623108,92.27419609,92.03085593,92.51162516,91.86238966
656.522,90.99477059,91.8742183,91.94611044,91.90277819,91.87815759,92.93585842,92.81669473,92.55670123,93.0008568,92.80586167,93.30910667,92.91222265,93.23130558,92.26322372,91.68907141,92.39322047,91.55316572
656.581,90.82126081,91.73607547,92.22259503,92.00153949,92.25713496,93.11569889,92.95780208,92.4979276,93.17984447,92.7002329,93.53215174,93.20056843,93.53116488,92.71799629,91.95713101,92.28772747,91.91173568
656.639,90.96820667,91.83655345,92.37630992,91.90266622,92.20560084,93.03842435,93.40747173,92.92790748,93.05618598,93.15288824,93.67488307,93.15880879,93.24366995,92.61313177,91.9381895,92.41380671,91.89477216
656.698,90.86732783,91.6845758,92.28888582,91.66880262,92.1804452,93.16232576,93.13472269,92.75813798,93.10810544,93.07360161,93.62763461,93.43835643,93.13866598,92.22776474,91.52388651,91.91525858,91.73485282
656.757,90.86485793,91.85969622,92.00082903,91.79061023,91.93569081,93.33024091,93.54440749,92.78248769,93.14074791,92.8959861,93.70034444,93.43781767,93.41610493,92.25940803,92.13110547,92.27125134,91.74422392
656.815,90.99310127,91.93401728,92.39360335,92.06942221,92.34616221,93.70515329,93.36713515,93.01033822,93.31870565,93.05086086,93.63695665,93.40765779,93.45509893,92.36592935,91.90733163,92.29872107,92.07139892
656.874,90.70090557,91.73260546,91.89913582,91.96121518,91.84296877,92.85496093,93.18112393,92.87663944,93.13086921,92.86185864,93.44520757,93.24418868,93.07864371,92.24106501,91.87253037,92.04694382,91.56213356
656.932,90.85701892,91.97006891,92.21949464,91.84782073,92.03513649,93.16790394,93.09692112,92.69468516,92.96185659,93.06635907,93.53267674,93.09790699,93.08509065,92.25202843,91.79556949,92.00556032,91.82613154
656.991,90.70675594,91.54693463,91.91377321,92.03408049,92.19186052,93.08430384,93.43733667,92.81805004,92.98174682,92.67013125,93.40676679,93.41465579,93.45311468,92.02619149,91.89010621,91.85756407,91.64653328
657.049,90.61302493,91.50650656,91.55182095,91.6729877,92.02072641,92.98217962,93.22648331,92.86987873,92.7891009,92.66596397,93.30332076,93.29642509,92.9427758,91.78331839,91.76854196,91.68677903,91.31047255
657.108,90.61273087,91.28676434,91.76793569,91.32317199,91.95882984,92.86508507,93.07762701,92.65254312,92.80112569,92.65746308,93.15733024,93.33149655,93.00874768,91.83189507,91.64198491,91.78367953,91.34088382
657.166,90.9643428,91.9223711,91.96775658,91.71912307,91.96183673,92.87053298,93.4526511,92.93959785,93.24348324,93.02839552,93.65392584,93.22967026,93.25433629,91.89474515,91.8789589,92.13055232,91.85133295
657.225,90.91562894,91.55796816,92.04070776,91.90770807,91.88603405,93.11160151,92.96973518,92.61309899,92.89683165,92.71063209,93.46725252,93.57956337,93.05446091,91.80918979,91.63185687,91.86633039,91.88701923
657.283,90.65916225,91.21904181,91.89798188,91.35187791,92.07804859,93.02758071,93.06398764,92.93213551,92.9291836,92.94492714,93.2834132,93.28242923,93.00593335,91.98358736,91.74940224,91.97669956,91.92159718
657.341,90.94775692,91.77965934,92.10136775,91.68196262,92.01353938,93.28162315,93.44149052,93.1030059,93.41089861,92.8701127,93.63194979,93.37833304,92.97175676,92.01255255,91.90794797,91.91288215,92.09544674
657.4,90.66491138,91.3830707,91.71218611,91.39387747,91.85267419,92.67005934,93.26541439,92.58949974,92.82528392,92.68381342,93.30471175,93.0119464,93.27622117,91.72790506,91.48622627,91.43317483,91.59429402
657.458,90.85385668,91.1256413,91.93705626,91.42302882,92.06605548,92.96806531,93.16599541,92.77998247,92.9276915,92.74650176,93.27726955,93.19652194,92.82527991,91.80411813,91.89175882,91.80411813,91.63769928
657.517,91.15111462,92.0211087,92.10889722,91.54271059,92.23120931,93.22154271,93.27678043,92.93549023,93.10218978,92.8980075,93.51745906,93.68613139,93.57368317,92.13750247,92.0862103,92.43933715,92.1917538
657.575,91.05840673,91.41465335,91.75318605,91.14107169,91.84470797,92.44402893,92.98528761,92.52177336,93.00496974,92.68415096,93.42518329,93.00201742,92.90360675,91.89096098,91.95788023,91.91261133,92.06416376
657.633,90.83322647,91.9232173,92.21815599,92.1145822,92.1895499,92.98657486,93.39297868,93.16708918,93.23712479,93.17202127,93.40185644,93.75992582,93.38015526,92.38781972,92.3690778,92.32962112,92.31581128
657.692,90.60977526,91.19813767,91.80418042,91.25216093,91.97017916,92.94358007,92.75695427,92.36700456,92.99269213,92.70784221,93.25887946,93.21958982,92.98679868,91.96919692,92.06840327,92.0094688,92.03009587
657.75,90.89208166,91.63851934,92.08362465,91.83251435,92.18308403,92.94823189,93.17373879,93.01814887,92.80741317,92.99451496,93.38545924,93.05261499,93.09594383,92.059006,92.3760943,92.04915853,92.31897902
657.808,90.80518561,91.59994492,92.01207877,91.80650365,91.92158637,92.93274054,93.0507741,92.82847756,93.1265123,92.74978852,93.23766057,93.23864419,93.028151,92.27962151,92.18322743,92.31994964,92.36126139
657.867,90.89479169,91.56819567,91.61931539,91.82379426,91.93094906,92.88551149,92.89632528,92.16295393,92.89534221,92.89337606,93.3681996,93.20206052,92.87666385,92.01057785,92.34580523,92.20719215,92.35170366
657.925,90.95928091,91.6901616,91.79429245,91.55066555,91.74124466,92.54285574,93.07529839,92.42300702,92.67547522,92.76585294,93.36706125,93.24328307,93.03796847,92.07230218,92.353259,92.38665946,92.25895181
657.983,90.88959077,91.82631284,92.23563676,91.71611024,92.10772304,93.1871181,93.1546477,92.51409511,92.93817831,92.74729167,93.46557645,93.39473192,92.87225354,92.5632927,92.60265077,92.42947526,92.54656552
658.041,91.27134912,91.78028252,92.0076783,91.81965841,92.05591377,92.8463848,93.23719053,92.63966137,93.10921888,92.76074224,93.52758773,93.28148841,93.28050401,92.67214648,92.74892947,92.5550032,92.73219471
658.1,91.2236868,91.5227228,91.98799921,91.74011411,92.34900649,92.76411568,93.14578005,92.5221326,92.83395633,92.43163486,93.5008853,93.1202046,93.04347826,92.43065119,92.71296478,92.74444226,92.49655715
658.158,91.28065933,91.92913192,92.07915906,91.97354785,92.32986231,93.1836352,93.90317327,92.81547648,93.0069585,93.07901101,93.7709125,93.52218329,93.12145289,93.14612841,93.07604994,93.03163401,92.92404876
658.216,91.18301593,91.81913071,92.37154617,92.17559131,91.99440692,92.88752782,93.15044213,92.70437403,92.91509936,92.79890502,93.42517281,93.41532584,93.02046202,92.72603738,93.06280403,92.94562499,93.15733501
658.274,91.1736674,91.87619749,92.02652911,91.68852862,92.11692459,92.8626873,92.88233849,92.1798084,92.72316384,92.44902972,93.14959469,93.06804225,92.96683861,92.72316384,92.86366986,92.80569885,92.65634979
658.332,91.23329695,91.46436192,92.12314288,91.73082407,92.07201361,92.99823997,92.97955813,92.55774166,92.9844744,92.53119377,93.36302764,93.24405376,92.87434982,92.75734246,92.8025722,92.80847173,93.33451324
658.39,91.3380247,91.69529059,92.29959156,91.98858324,92.25136558,92.69425717,92.90979775,92.52005315,92.83795089,92.67260469,93.29462133,93.31233699,93.02593376,92.9531027,92.97377098,92.96786575,92.95507111
658.449,91.15572543,91.77831192,92.28170069,92.00882654,92.16151785,92.65604067,92.83532981,92.6255024,93.00476791,92.6629364,93.52982899,93.03136575,93.23528253,92.85503192,93.35645047,93.22247616,93.37910789
658.507,90.84092337,91.60548838,91.84692996,91.70069095,92.03242776,92.27386935,92.80680747,92.11094535,92.68314227,92.15413003,93.00113851,92.72338254,92.99034234,92.98150911,93.02273084,92.74693781,92.89121388
658.565,91.34448819,91.86220472,92.03838583,91.8257874,92.29232283,92.7726378,93.21653543,92.78051181,93.06889764,92.49114173,93.03937008,93.14271654,93.10433071,93.33267717,93.35334646,93.17519685,93.23326772
658.623,91.56089126,91.92635674,92.06586238,91.72004558,92.16607066,92.71623374,92.73981216,92.30361143,92.73981216,92.44901167,93.3174834,92.77714465,92.88717727,93.25951979,93.36464023,93.08268165,93.22906433
658.681,91.207776,91.49279108,92.10311649,91.64414392,91.91441685,92.81761983,92.79698081,92.33800824,92.92376338,92.47756735,93.24022841,92.71540752,92.97585234,93.07511622,93.26086743,93.1566895,93.16258636
658.739,91.14704525,91.80976505,91.87554613,91.85198276,92.01888997,92.51568437,92.78666313,92.19561525,92.42437631,92.43223076,92.98400636,92.79746301,92.71990025,93.3070209,93.20393116,93.07531442,93.13815008
658.797,91.08923536,91.68066649,92.04122334,92.05104778,92.22101054,92.59335672,92.84486231,92.32809691,92.72598662,92.37427176,92.96177311,92.69061864,92.95391356,93.3635926,93.1366481,93.41271479,93.34689106
658.855,90.98163544,91.76293912,92.20953858,91.6176716,92.22916932,92.82790707,92.79649787,92.45394136,92.63061807,92.31947076,92.93391309,92.74349486,92.85833472,93.3500849,93.5552262,93.28726652,93.45216478
658.913,91.46199752,92.01544128,92.40048845,92.25474169,92.71758612,93.03172946,93.13611565,92.5344179,93.46010675,92.65653005,93.2739842,93.07899868,93.18929352,93.41382231,93.77720442,93.68168121,93.75750891
658.971,91.2486733,91.88155981,92.61272063,92.15574512,92.05648807,92.35622469,93.21612485,92.27465702,92.80730375,92.39258619,93.4981721,92.79551083,92.97240458,93.55320571,93.66523841,93.58760171,93.38319116
659.029,91.0781838,91.98215637,92.20520177,92.18358504,92.20323661,92.76428915,92.91462372,92.50980122,92.79081878,92.42824718,93.38724416,92.83306967,92.59823332,93.58965541,93.422617,93.82940466,93.59751604
659.087,91.309436,91.96046615,92.18173772,92.1473177,92.40497615,92.96946452,92.96651424,92.8406353,92.75802724,92.32040124,93.17106751,92.62329744,93.17303437,93.84668338,93.83586566,93.76210847,93.50149973
659.145,91.27590075,92.08760503,92.53527224,91.9852811,92.40835121,92.89340601,92.961294,92.68482261,92.86880891,92.30307562,93.34500876,92.93374525,93.32828273,93.62344792,93.93041972,93.72478797,93.5447372
659.203,91.72253131,91.90339513,92.4479525,92.00169068,92.41158315,92.55804353,93.02003263,92.59342993,93.25594197,92.6779641,93.43975465,92.92960072,92.94631097,93.69335719,93.76412999,93.79951639,93.69335719
659.261,91.08913805,91.64336933,92.21133378,91.79835791,92.25155234,92.63019531,92.85777346,92.18386746,92.58114829,92.23978105,93.16775061,92.77635541,92.82932619,93.28938721,93.47674681,93.56699332,93.42573791
659.319,91.64457932,92.14117508,92.75206669,92.44070903,92.6880216,92.91858391,93.19348514,92.74122829,93.1787055,92.63284429,93.67825719,93.14520499,93.31369284,93.98665892,93.98764422,94.31378152,93.84674503
659.377,91.17638388,91.85444325,92.20624797,92.21410953,92.20526528,92.75753973,92.94228634,92.3890292,92.62782402,92.53348532,93.48768192,92.83517261,92.85187842,93.88567329,93.86896748,93.91122336,93.7539922
659.435,91.48412745,92.22609278,92.58133081,92.45734191,92.6088839,92.93361674,93.21308378,92.64332526,92.91295192,92.23888528,93.53880065,92.92279231,93.2288284,93.84582079,93.77201787,93.86451753,93.86845368
659.493,91.92878105,92.03612156,92.63191066,92.49502688,92.55608296,92.994308,93.130207,92.74319028,93.20701948,92.69789061,93.50146732,93.05733362,93.42563961,93.86287988,93.89833179,93.9977941,93.81659543
659.55,91.75679539,92.5583413,92.83834012,92.48735569,92.68946751,93.26622564,93.06904337,92.96256495,93.0542547,92.59777776,93.78777273,93.09566298,93.32242258,94.17424997,93.92580031,93.99875775,94.10622209
659.608,91.65928812,92.29285953,92.68736596,92.26236153,92.44928477,92.8437912,93.23337859,92.65391653,92.7985361,92.25350727,93.55409952,92.82608268,93.11335419,93.93089743,93.95942782,94.00074769,93.55508333
659.666,91.0651206,91.82347473,92.21781888,91.97612408,92.22173296,92.44092177,92.66402466,92.25206713,92.6884877,92.29022946,93.04271246,92.57302216,92.7432849,93.46054112,93.59068448,93.58774891,93.30789178
659.724,91.51733436,92.17075547,92.67951859,92.33017448,92.38921855,93.0416556,93.26405495,92.92455151,92.74446708,92.70805656,93.82890995,93.03771932,93.56517974,94.29831036,93.81710113,94.08279948,93.86433639
659.782,91.48176836,92.09455551,92.52889904,92.12985205,92.30535429,92.72204955,92.92794604,92.30437383,92.59949212,92.20436697,93.52504584,92.62008177,93.13972528,93.69956762,93.39170335,93.90154226,93.64368143
659.84,91.57735344,92.11913237,92.82806631,92.49178974,92.41509508,92.8703467,93.21252286,92.64812885,92.91459362,92.51047177,93.62156103,92.85658099,93.35607953,93.80051523,93.52126802,93.82902991,93.73561975
659.897,91.54404899,92.23110115,92.73828129,92.03746842,92.37853724,92.84738399,93.28674353,92.65768289,93.00563206,92.50041774,93.95512046,93.11866639,93.35849576,93.96691534,93.64452177,93.98657349,93.8666588
659.955,91.67158657,92.07305073,92.68213484,92.10847404,92.52076199,92.87105916,93.35714567,92.40366828,93.13771795,92.67032708,93.93375841,93.03243201,93.56181367,93.91112685,93.55492581,93.87963947,93.77927343
660.013,91.75382615,92.46390514,92.68845161,92.49542043,92.76133073,92.98883177,93.50784928,92.81155823,93.49800075,92.80761882,93.92050267,93.29512104,93.68709252,94.14406429,93.96679076,93.99535149,93.6329256
660.071,91.50875675,92.15186886,92.54815966,92.26102092,92.49702536,92.93756699,93.23748931,92.64846155,93.17750484,92.5963439,93.69081451,93.01033503,93.40367577,93.7891497,93.51184447,93.58461251,93.4705437
660.128,91.11012826,92.04580078,92.73772667,92.23942208,92.67875571,92.85272004,93.27436238,92.60307632,92.96869625,92.75345226,93.55644012,93.16330041,93.45422379,93.77463266,93.60754828,93.8532606,93.53776598
660.186,91.28752449,92.32920141,92.58125178,92.44045802,92.81262615,93.21236228,93.46244351,93.12867368,93.04596966,92.81361072,93.84938021,92.97704963,93.67018815,93.87793279,93.47918123,93.94291453,93.45752065
660.244,91.05352157,92.25293956,92.45349797,92.241142,92.66192143,92.80545833,93.10924535,92.86837862,93.44449251,92.63930945,93.89181643,93.30390499,93.55853553,93.92819222,93.39631916,93.69715679,93.61162452
660.301,91.21771798,92.24641529,92.56702268,92.05660786,92.3241085,92.92303456,93.61833953,93.31445094,93.12169312,92.85025865,93.68619815,93.12366004,93.58883578,93.70488385,93.21807203,93.38722684,93.15021341
660.359,91.05898268,91.52755041,92.33333007,92.18334918,92.30686285,92.72347642,93.1038201,92.77150951,93.03324086,92.69504867,93.69688177,93.30477488,93.38319626,93.36849225,93.11558331,93.26556419,93.00677365
660.417,91.07114718,92.3603451,92.59671447,92.52678853,92.72770249,92.99755752,93.70962023,92.97884494,93.37476363,93.20241097,94.27296722,93.50673653,93.7854554,93.79825875,93.2191538,93.69189253,93.42991648
660.474,91.66075021,92.48806847,93.0136473,92.36283675,92.82136236,93.34792727,93.64868063,92.99787007,93.36074626,93.07577013,94.20679998,93.67431862,93.85378456,93.76010729,93.62501479,93.55993374,93.70291484
660.532,91.3604336,92.43064794,92.73220005,92.45725548,92.73417098,93.3481153,93.72751909,92.97955161,93.71963538,93.20817935,94.09411185,93.35698448,93.87928061,93.57181572,93.17171717,93.40822863,93.22788864
660.589,91.15403869,92.07671997,92.68726013,91.95794929,92.48603708,93.04651688,92.94246984,92.84136753,93.3056529,92.64505237,93.52552588,92.99056706,93.60208879,93.37927108,93.02590379,93.1878638,92.86099905
660.647,90.93027601,92.0718577,92.49368246,91.91060068,92.49958211,93.05611548,93.43565943,92.97155387,93.01973432,92.77096587,93.88501588,93.28226861,93.31471667,93.08856353,92.68148789,92.88207589,92.64510673
660.705,90.90266252,91.96432956,92.37878237,91.89067088,92.70877324,92.91403542,93.1576001,92.68814881,92.72939767,92.5997584,93.8342778,93.17036761,93.1448326,93.01519333,92.77359287,92.96608755,92.74707575
660.762,91.26637555,92.22352558,92.4975603,92.27379814,92.7982099,93.29699252,93.69917297,92.87904029,93.57398445,93.14716059,94.28470039,93.75535994,94.00573699,93.44485298,93.03971532,93.16687531,93.27333484
660.82,90.72484829,91.85404843,92.60423008,92.28019874,92.11523733,92.90273168,92.94691777,92.63270556,93.05787396,92.99306769,93.72557491,93.13937275,93.66469629,93.03627187,92.4265038,92.72795114,92.35678797
660.877,90.69596062,92.02145952,92.64048421,92.07451878,92.34374539,92.91167598,93.34794101,92.80752262,93.06201055,92.90872825,93.8038576,93.39412221,93.50810136,93.00796871,92.4646026,92.74955047,92.62083264
660.935,90.8175915,91.84671389,92.55312869,92.01790634,92.47835498,93.38055884,93.09130264,93.23199528,93.40810704,93.06670602,94.0240063,93.42581661,93.72687918,92.86009445,92.52754821,92.79909484,92.5334514
660.992,90.88816307,92.00181017,92.30776798,91.94475051,92.30088147,93.07905714,93.47945852,93.03183535,92.94919723,92.86065638,93.61522116,93.74606485,93.68507005,92.75243979,92.30481662,92.75342358,92.53403904
661.05,90.60246409,91.70482011,92.31593013,91.85710636,92.06735965,93.09799375,93.09799375,92.66176731,93.07834391,92.72562929,93.48804307,93.09995874,93.56762492,92.7118744,92.14301153,92.41516182,92.30217524
661.107,90.73600315,91.75833907,92.08993407,91.78195415,92.07714258,93.05028043,93.31398209,92.99616255,93.31201417,92.87710322,93.89156745,93.16343599,93.48027157,92.76886746,92.22572075,92.53271672,92.09386992
661.165,90.45148971,91.79208047,92.12968887,91.88460289,92.17595008,92.97026487,93.21535085,92.72911602,93.10215853,93.15826255,93.95749875,93.40531709,93.76359538,92.55194543,92.07358485,92.54111834,92.10409756
661.222,90.50182563,91.83340058,92.31170467,91.90229212,92.23493982,93.01636666,93.36968182,92.91106103,93.2220571,92.90121938,93.55273647,93.31653692,93.48286077,92.40716866,92.00464526,92.47901269,92.07550512
661.279,89.71083179,91.27687341,91.81360572,91.81164326,91.88327299,92.55247123,92.61526989,92.32384485,92.73007369,92.68689961,93.58963037,92.9125823,93.30409271,91.92252215,91.12674536,92.07951881,91.65366538
661.337,90.33108008,91.82414763,92.16065525,91.92677752,92.35999408,93.15340208,93.5658953,93.10800809,93.46030493,92.74386934,93.95273104,93.49977796,94.15404352,92.56328021,91.9376326,92.63235802,92.11920857
661.394,90.01977354,91.87809269,92.1200972,91.52393975,91.94302073,93.00744705,92.9287464,92.68772565,93.04778113,92.74576738,93.98825393,93.35569744,93.5681892,92.03254272,91.59870537,91.97745226,91.4875407
661.452,89.65744271,91.34959318,91.71317951,91.58838096,91.93820998,93.02995165,93.020125,92.64572933,92.81867851,92.67029598,93.75908966,92.95133839,93.53209386,91.95884596,91.25918793,91.64242758,91.73774616
661.509,89.8151244,91.61569476,91.91857606,91.55472515,91.84285574,92.99046121,93.14976891,92.7544498,92.98751106,92.9393254,93.80863408,93.3661127,93.58245649,91.98741272,91.38165011,91.77401908,91.48097158
661.566,89.97201584,91.6412116,92.02057427,91.64712374,91.80083952,93.13698441,93.21581302,92.38811265,92.99115149,93.02169757,93.83560294,93.33898272,93.66119465,91.92105315,91.48059831,91.5968705,91.64909446
661.624,89.6595841,91.51371407,91.86505398,91.36609225,91.74695653,92.80491285,93.16511008,92.78621409,93.0096151,93.00272608,93.73689856,93.41409887,93.40425741,91.84045034,91.31885327,91.74400409,91.3345996
661.681,89.38615029,91.07681722,91.59581265,91.2861847,91.41495061,92.71440507,92.95522681,92.48341279,92.83235858,92.55713373,93.41131371,93.042709,93.03287954,91.4277289,91.06207303,91.41986534,91.50734752
661.738,90.07829547,91.55139559,92.08751715,91.49906697,92.07270717,93.15581095,93.17160827,93.13902629,93.29502483,92.67399267,93.74722313,93.494466,93.6218319,91.78341874,91.18706989,91.81303871,91.6669135
661.796,89.4357814,91.18795809,91.54901864,90.99709774,91.68970436,92.95194058,93.06311181,92.68139112,92.81027104,92.81912539,93.43204289,93.28742191,93.30414679,91.3768508,90.85050912,91.69265581,91.24501943
661.853,89.69270356,91.00292804,91.78866838,91.24249505,91.74627587,93.10185048,93.14720062,92.84256603,92.92833693,92.82087683,93.86885925,93.23790088,93.57112577,91.63881577,91.12714797,91.37854544,91.3874183
661.91,89.29635255,91.4130156,91.22462667,91.21969503,91.69707849,93.11246129,93.26238337,92.8717969,93.09174837,93.11936559,93.82360484,93.16375042,93.52376068,91.49389462,90.85869844,91.31241,91.01947014
661.967,89.16296355,90.88049078,91.3278147,90.74383578,91.3278147,92.5744229,92.93523143,92.49282315,92.58228794,92.61964686,93.11121161,92.90180503,92.97062409,91.1577333,90.57080499,91.19214283,91.13020567
662.025,88.98304251,90.77032094,91.15710532,91.05967109,91.19253595,92.83809186,92.79675613,92.51331109,92.69243261,92.51626364,93.27113289,93.15795172,92.87647505,91.10002264,90.5803734,91.06656037,91.0960859
662.082,89.13114157,90.99811825,91.40895164,91.11043241,91.21486488,92.82273081,92.8877548,92.89662171,92.94982315,92.51238904,93.57050669,93.22863814,93.18134797,91.37446922,90.61487079,91.17447119,90.95969498
662.139,89.18579963,90.97516417,91.24574137,91.06305239,91.49261838,93.07756876,93.32148324,92.41988841,92.75860366,92.84352935,93.62662322,93.0953439,93.32049573,91.43830544,90.85962573,91.25561645,91.16081568
662.196,89.43264159,90.67678809,91.11746439,90.98240252,91.03169517,92.72341894,93.15522256,92.4158328,92.72341894,92.55878149,92.96396707,92.97283975,92.75398038,91.20816286,90.4332824,90.86804357,91.26041307
662.253,88.96557164,90.57360887,91.26473952,91.06163978,91.16614741,92.8422132,93.15770793,92.53756359,93.06601727,92.67460662,93.07883425,93.04432701,92.86686122,91.32290886,90.53712979,91.19671097,90.82206097
662.31,88.9041945,90.50308463,90.75890705,90.66149774,90.76185885,92.62936251,92.68446272,92.36862043,92.68446272,92.65199296,92.78580776,92.76809698,92.2918737,90.6998711,90.2256157,90.79826434,90.70675863
662.368,88.77727062,90.57148772,91.15312953,90.77851277,90.75682443,92.80637243,92.97790747,92.406124,92.87833828,92.5589282,92.79651409,93.06958999,92.28486647,90.99638199,90.32601516,90.95990615,90.92638781
662.425,89.09902629,90.46793078,91.03658296,90.79808413,90.62955809,92.74845271,93.04805456,92.35325423,92.80659912,92.56317263,92.5198092,92.87361533,91.78755864,90.89663736,90.43737927,91.04249616,90.99026294
662.482,88.6817734,90.61871921,90.88275862,90.56945813,90.8729064,92.55566502,92.78522167,92.28571429,92.74187192,92.26995074,92.03251232,93.11724138,91.44729064,90.95270936,89.98325123,90.608867,90.6955665
662.539,89.03928624,90.44609849,90.74776951,90.38300389,90.85818504,92.54300784,92.81510327,92.31823335,92.45132351,92.79834377,91.74545275,92.98664169,91.3836447,90.91536452,90.28836201,90.80692069,90.74678365
662.596,88.50573581,90.18265964,90.42784698,90.2279553,90.77544188,92.38639161,92.43365664,92.38146817,92.55871203,92.27216779,91.30225001,92.90335286,90.55093299,90.65038649,89.7809069,90.92806853,90.47806607
662.653,88.50713004,90.17573618,90.36113686,89.95483324,90.50906294,92.42815724,92.6894933,92.08792726,92.67272835,92.52184375,90.86605787,92.64117079,90.07416027,90.7289797,89.86509142,90.63036232,90.35028895
662.71,88.32228907,90.2482252,90.17733185,89.93905141,90.35062672,92.49416607,92.80333986,91.88960329,92.45084235,92.18105375,90.42841248,92.57785961,89.58852315,90.57413771,89.27541084,90.60958439,90.47665935
662.767,88.09954751,89.74424552,90.01770608,90.00196734,90.2547708,92.239819,92.38540232,92.05783986,92.67460161,92.19063545,89.40881369,92.53983868,88.52941176,90.10918749,89.19929176,90.47806414,89.75604958
662.824,87.99629837,89.59606998,89.91897772,89.55472203,89.8727074,92.13207714,92.30436024,91.79440228,92.05135021,92.06513285,88.98766453,92.64105063,88.08490111,90.37380509,89.05067092,90.38955669,89.34798232
662.881,87.73214057,89.58729471,89.93803017,89.463158,89.77054413,91.89761677,92.24244096,91.83357799,92.16559443,91.96165555,87.96760623,92.38135585,86.78436666,90.46807421,88.5744968,90.44048827,89.56266441
662.938,87.3786216,89.3957504,89.60121699,89.46588563,89.90052651,92.29994172,92.05298667,91.89789891,92.09052384,91.79220215,87.67397983,92.61406853,86.44118025,90.34306995,88.53832248,90.64139164,89.17941778
662.995,86.93130431,89.1353073,89.25523967,88.83842554,89.21984979,91.50839527,92.05693838,91.29408989,91.72073454,91.63815815,86.2244898,91.9517518,84.87475915,89.99351186,87.51032205,89.95222366,88.23778066
663.052,86.67415199,88.72670685,88.87641335,88.74148052,88.98573849,91.21262262,91.77599181,91.19489422,91.54453768,91.18307529,85.50309262,92.07146515,84.01686168,90.23066619,87.15675846,90.37840287,87.96635543
663.109,86.06664038,88.50059148,88.75492902,88.45327287,88.67507886,91.12776025,91.55165615,91.23324132,91.57630126,91.47180599,84.09996057,92.08004732,82.4102918,89.76833596,86.25492902,90.07492114,87.31269716
663.166,85.29108124,87.91921893,87.79631687,87.67046516,88.15617411,90.99472013,90.78332858,90.62699716,90.99766978,90.84527122,82.3738779,91.72328355,80.66209799,89.46778491,85.20750784,89.87975262,86.15827819
663.223,84.97751865,87.80473344,87.9648204,87.9312219,87.74346559,91.01338999,91.33059934,90.96595682,91.13394931,91.12011463,80.92889965,91.77627353,79.42487277,89.38089827,84.55358466,89.5884184,85.58229162
663.28,84.05644295,86.44600573,86.97417301,87.14760108,86.85001429,90.23087611,90.9659746,90.32251707,90.65656317,90.34813713,79.34727984,91.04874708,77.24939152,89.11738912,83.14890179,89.44847906,84.10374151
663.336,83.21045016,86.04742733,86.24430291,86.1734277,86.36735015,89.72014136,90.06073612,89.85303238,90.04203294,89.84417297,77.06793192,90.98408261,75.21237954,88.85388878,82.00852471,89.25551498,82.89052733
663.393,82.07747138,85.44724985,85.50541748,85.67992034,85.27570467,89.83644054,89.89263637,89.50123729,89.85122891,89.83644054,75.22256509,90.71092664,73.40063689,88.37239108,80.56116966,89.19265313,81.49973874
663.45,80.79511367,84.57432112,84.47663404,84.73910641,84.55952005,88.93077045,89.44486107,89.09358225,89.15969372,89.33533312,73.04527155,90.43949321,71.05107357,87.71905589,78.82065046,88.69197979,80.20701768
663.507,79.38304001,83.49479126,83.3971273,83.72070081,83.48788572,88.0978218,88.81205114,88.68084603,88.6334938,88.73707679,70.76493568,90.2138742,68.63507221,86.96432799,77.03515902,87.92419699,78.46657722
663.564,77.52522769,81.90097763,81.68755041,82.86582607,81.7426284,87.27993391,87.86907174,87.63990794,87.74612979,87.82776324,67.854122,89.20274603,65.86934713,85.93544072,74.97787045,87.19928399,76.1807345
663.621,75.64285644,80.59661805,80.42230079,80.93737382,80.37305863,86.15211889,87.25908272,86.89764524,86.4869656,87.16059839,64.93170112,88.61028767,63.13830154,85.25197215,72.7395385,86.72037345,74.11241001
663.677,73.29892346,78.95688935,78.48498255,79.45927346,78.77697488,84.90684756,85.64420194,85.88310475,85.54097232,86.06301922,62.10883351,87.67635059,60.14255518,83.75854102,70.47338151,85.63928624,71.48404857
663.734,71.19011489,77.34465838,76.78694598,78.24034842,76.93277891,83.79973592,84.71808919,84.87968784,84.55254912,85.29353802,59.18944485,87.03860631,57.27883649,82.61040932,67.98671738,85.07183257,69.33468656
663.791,68.59524514,75.18693894,74.77952057,76.08858637,74.52796685,82.26398343,83.27710368,83.78119759,82.97918516,83.74469764,56.01953241,85.89918122,54.33757522,81.43434941,65.28558745,83.63125185,66.63016672
663.848,65.83064389,72.76349969,72.01275189,73.53294238,71.8936949,80.3634682,81.56289358,81.80592727,81.37594458,82.15129093,52.74716625,84.22248898,50.97115082,79.34312028,62.14578086,82.11390113,63.39735516
663.904,62.78973387,70.47748734,69.82129994,71.35766654,69.62987083,78.48198692,79.91869197,80.10617408,79.81113644,80.68342165,49.41239158,83.08417947,47.8908262,77.53865585,59.17922303,80.72289157,60.31398321
663.961,59.59551182,67.57100216,66.75532701,68.50193575,66.79473161,76.42422989,78.09794012,78.23093064,77.50588606,78.59049758,45.98319394,81.36458118,44.68087202,75.44995124,55.69544187,78.9155855,57.36619677
664.018,56.46476986,64.78365385,63.56990858,65.55406683,63.69207125,74.09954288,75.49357661,76.1142418,75.30639187,76.21965637,42.8367355,79.54760404,41.46240542,72.99219735,52.85407472,76.74377364,54.09441992
664.074,53.2897715,61.44088646,60.52569427,62.84221299,60.73235057,70.94806038,72.94475388,73.72020705,72.52848905,73.63951268,39.40443622,77.70178512,38.05723395,70.0633746,49.27079848,74.60390876,50.50286367
664.131,49.85033342,58.44208447,57.26747345,59.54359101,57.28229192,68.63521857,70.44899975,71.54161521,70.3116819,71.42306742,36.36947394,75.2086935,35.11681897,67.82119042,46.23265004,72.27463571,47.42109163
664.188,46.01468921,54.91102677,53.78222507,56.04377187,53.86010746,65.3728989,67.40671366,68.44580273,67.1267314,68.29891063,33.24394933,72.68595652,32.14373737,64.59703258,42.78207719,69.43658501,43.88919012
664.244,42.64872703,51.25225643,50.2776764,52.4951419,50.16719769,62.19655346,64.29860817,65.26628328,63.9533622,65.28107953,30.27905738,69.78407331,29.1742703,61.33935705,39.47345059,66.39375795,40.52990323
664.301,39.32351928,48.01437645,46.58460932,48.97444734,46.87804638,58.73861454,60.99748905,61.94869775,60.61149131,61.86598395,27.27192162,66.50189552,26.42902861,57.94692531,36.19516518,63.44739304,37.27438334
664.357,35.90918046,44.48384555,43.34416864,45.52994484,43.2535461,55.24231678,57.5571316,58.91351458,57.22714736,58.73423956,24.78723404,63.61702128,23.89479905,54.57643814,33.04373522,60.1891253,33.9105595
664.414,32.84994191,41.02033985,39.66270896,42.18303897,39.67452301,51.65593557,53.85728631,55.28777049,53.38078642,54.97666726,22.40829346,59.98582314,21.55275956,50.78464962,30.21442495,56.91712446,31.18809932
664.471,29.71076535,37.44107545,36.2640607,38.4744078,36.41364786,48.02633521,50.1569681,51.31823684,50.11465068,51.28674481,20.1834411,56.63546987,19.1294421,47.39255804,27.27603751,53.23334613,28.30248098
664.527,26.79274632,34.19410097,33.12691974,35.20615106,33.03930062,44.40615894,46.64586123,47.80656848,46.13786721,47.805584,17.89497519,52.92096558,17.16842561,43.6894542,24.69382531,49.86315665,25.46664566
664.584,24.21772596,31.06921462,30.03340988,32.26467719,30.06396168,40.92365005,42.79618004,44.36910523,42.83855835,44.32672692,16.01703017,49.32145427,15.48680852,40.46340189,22.23284418,46.50181833,22.93060798
664.64,21.66050063,28.17714893,26.96886807,28.99578873,27.03184037,37.35339263,39.34981108,40.90148772,39.28388696,40.62204817,14.2986461,45.62932935,13.78798016,37.0227881,19.98091152,42.55057462,20.54274244
664.697,19.45235552,25.4657648,24.56093509,26.4111388,24.42446897,34.00280843,35.89850085,37.55982754,36.27032159,37.50939441,12.85253748,42.36383054,12.25426209,33.90391994,17.84541751,39.31707607,18.52280369
664.753,17.38115868,22.86735457,22.05998188,23.65798905,21.94773739,30.97160411,32.66511756,34.23555591,32.74683943,34.08195817,11.3298019,38.71942814,10.85030129,30.58564058,16.0086251,36.03540625,16.5895396
664.81,15.48837805,20.4583748,19.68686262,21.29590399,19.6031097,27.87986875,29.68203451,30.94621092,29.6298121,30.92551902,10.0267024,35.28461213,9.686764083,27.61678606,14.15424332,32.75822996,14.81047207
664.866,13.9547978,18.38512753,17.57413517,19.00448466,17.49017129,25.11507991,26.84671158,28.06764526,26.87041903,27.95305925,8.998952921,32.14433886,8.616670289,25.08445779,12.60742438,29.83977715,13.23962305
664.923,12.30225696,16.44116805,15.65068933,17.01651025,15.76319192,22.62091561,24.12588448,25.39499265,24.07950183,25.15025017,7.985710197,29.1618557,7.608727833,22.44229308,11.32131332,26.88417168,11.76145503
664.979,10.98134982,14.58238966,13.90196349,15.07966205,14.05459165,20.08685035,21.48019773,22.72485574,21.65645863,22.51413041,7.078007759,26.31309451,6.807215865,20.08094216,10.01339189,24.20879532,10.42105678
665.035,9.675127304,13.10938302,12.43141357,13.49030908,12.42845301,18.02392137,19.28413532,20.31441203,19.17558126,20.36375479,6.420479217,23.54340189,6.006986934,17.99431571,8.891564363,21.82627403,9.35637311
665.092,8.681364228,11.56199424,10.98172344,11.86693246,11.0508033,16.11830419,17.30351715,18.08411953,17.27884577,18.10583034,5.646784826,20.95586784,5.447440098,16.07290885,7.955038882,19.5614416,8.275766786
665.148,7.746319366,10.2506278,9.82520065,10.67211581,9.838002856,14.44384263,15.39120587,16.1278251,15.32817962,16.07563149,4.973164607,18.82810577,4.830370772,14.29907923,7.101285145,17.36077601,7.414446797
665.204,6.874333978,9.14768915,8.773730118,9.492047204,8.748075936,12.77676915,13.70130639,14.48178553,13.72301377,14.40975648,4.429293129,16.78474168,4.305955717,12.86359869,6.32671587,15.59083554,6.537869519
665.261,6.114640911,8.015815253,7.651907076,8.391525857,7.735507603,11.34409977,12.16141786,12.78301237,12.22731475,12.71219781,3.986269843,14.8218817,3.854476071,11.23591085,5.637626138,13.83539548,5.798925979
665.317,5.369339181,7.195584684,6.803331198,7.463657419,6.859508205,10.02217513,10.83132115,11.39506234,10.77908638,11.42462918,3.545064801,13.36224314,3.452422017,10.04681417,4.990883556,12.36386931,5.15547233
665.373,4.786898185,6.468034728,6.173046567,6.678176796,6.124704025,8.970007893,9.567876875,10.18547751,9.600434096,10.10260458,3.178768745,11.86760063,3.08109708,8.97296764,4.449486977,10.96093133,4.651736385
665.43,4.296636387,5.660210053,5.505527203,5.941003764,5.489763345,7.998187156,8.501645353,9.03367554,8.546966443,9.004118308,2.841435299,10.49675856,2.741925949,8.010010049,3.999093578,9.78442925,4.130130643
665.486,3.867860414,5.142373115,4.902047691,5.359059973,4.875454304,7.115208463,7.55350688,7.998699879,7.568280984,8.017413744,2.555919983,9.334278876,2.487959105,7.109298821,3.555634351,8.59951344,3.692541047
665.542,3.42843585,4.564327659,4.36166637,4.750182889,4.352769045,6.320066433,6.751092394,7.171243846,6.818316626,7.09611088,2.331099116,8.369416929,2.274749392,6.276568401,3.217865828,7.678391364,3.315736402
665.599,3.118326347,4.060547338,3.91125524,4.145574626,3.966621846,5.699794353,6.025073163,6.334532943,6.071541565,6.358261489,2.077236415,7.401328799,2.018903741,5.63849561,2.810843945,6.985090564,2.9828759
665.655,2.797070964,3.679155421,3.491625655,3.782346404,3.482695666,5.02460708,5.339141134,5.664589617,5.413557708,5.730076203,1.905064296,6.595292904,1.875297666,5.063303699,2.531155739,6.283735514,2.687926655
665.711,2.492137898,3.276370181,3.181431595,3.359441445,3.154730117,4.444312585,4.834945311,5.025811428,4.840878973,5.074269665,1.655491604,5.837734132,1.614944916,4.433434206,2.319072766,5.410510493,2.405110861
665.767,2.248996776,2.991431924,2.768602782,2.965796713,2.765644873,4.007966635,4.21896414,4.53250249,4.286996046,4.497993552,1.488814174,5.236484821,1.471066721,4.016840362,2.043915088,4.904213048,2.18096487
665.823,1.992393935,2.618659555,2.490245468,2.684842199,2.474440658,3.586704203,3.798093545,4.072702129,3.823776362,4.022324295,1.399713538,4.695016546,1.347360103,3.559045785,1.892626068,4.331505902,1.949918506
665.88,1.861460758,2.362585329,2.246182378,2.390206369,2.2570335,3.183324784,3.422049481,3.618356154,3.444738192,3.607505031,1.290297123,4.169790475,1.246892633,3.251390917,1.705599179,3.926133449,1.803259283
665.936,1.671243393,2.134821508,2.034428795,2.19190756,2.035413037,2.891703822,3.035403195,3.23618862,3.10233167,3.255873466,1.143689531,3.699766735,1.115146504,2.880877157,1.517701597,3.466501314,1.603330676
665.992,1.470370845,1.955238443,1.83599255,1.959180455,1.843876576,2.583004011,2.750539563,2.89540854,2.815582777,2.923988135,1.039705926,3.339870505,1.008169822,2.570192469,1.409269644,3.139813346,1.436863734
666.048,1.345145329,1.705628475,1.660197723,1.78068798,1.685875974,2.339683762,2.449310144,2.558936525,2.497703772,2.583627152,0.970835432,2.960899924,0.945157181,2.398941266,1.274036325,2.831521041,1.309590827
666.104,1.215970603,1.586392193,1.506381129,1.600221265,1.497491011,2.058556245,2.251175471,2.336125489,2.242285353,2.311430716,0.87419495,2.709510451,0.842585641,2.136591726,1.153739776,2.534671461,1.242640958
666.16,1.122261148,1.447855432,1.401341963,1.456762267,1.393424777,1.889238565,1.993151634,2.104981889,2.011954951,2.12180591,0.789739327,2.447400194,0.769946361,1.918928013,1.078716624,2.272232449,1.085644162
666.216,0.992051752,1.2869061,1.268169536,1.29873972,1.244502298,1.732639094,1.80364081,1.865767312,1.820405104,1.924935408,0.711003294,2.203025462,0.720864643,1.680373942,0.952606355,1.976214425,0.995996292
666.272,0.922776611,1.148541402,1.155442509,1.202764386,1.119951101,1.539932763,1.613873197,1.69175712,1.617816687,1.734149636,0.702927055,1.988504727,0.669407392,1.557678468,0.881369968,1.872171778,0.921790739
666.328,0.862903067,1.10479237,1.030744624,1.09886855,1.024820804,1.419742116,1.456272338,1.560926485,1.504650198,1.558951879,0.627924886,1.758387141,0.605216911,1.421716723,0.814525206,1.673479059,0.85796655
666.384,0.767240786,0.989543885,0.938394499,0.996429379,0.928558079,1.295456557,1.338736807,1.410542675,1.366278784,1.403657181,0.574446947,1.586614599,0.557725033,1.285620137,0.748551587,1.503988668,0.760355292
666.44,0.724294454,0.904874679,0.834813499,0.923623446,0.885139136,1.151568976,1.238405368,1.285770673,1.261101243,1.303532662,0.55062167,1.46931123,0.53285968,1.208802052,0.676929149,1.386421946,0.713439905
666.496,0.660551546,0.828404704,0.796808815,0.831366818,0.783972986,1.064386497,1.108818215,1.168060506,1.159174162,1.134489875,0.485786787,1.314191491,0.479862558,1.076234955,0.608220855,1.24211337,0.655614688
666.552,0.604982206,0.762158956,0.725583234,0.769078687,0.728548834,0.970739423,1.013246342,1.054764729,1.019177541,1.062672993,0.44879399,1.202056149,0.464610518,1.005338078,0.613879004,1.164491894,0.588177145
666.608,0.572681135,0.695116412,0.679318312,0.710914513,0.675368787,0.897529572,0.936037441,0.97355793,0.931100535,1.011078418,0.42852347,1.105867019,0.410750607,0.930113154,0.537135409,1.054523194,0.54503446
666.664,0.537374176,0.654924777,0.631217093,0.644058756,0.618375431,0.797170883,0.871257396,0.926575326,0.857427914,0.913733664,0.397103711,0.998686199,0.376359488,0.83668369,0.50082483,0.930526607,0.513666492
666.72,0.498750654,0.614302786,0.588624535,0.612327536,0.578748284,0.780223796,0.797013422,0.798988672,0.795038172,0.829605049,0.383198523,0.919478929,0.352582146,0.766397045,0.465171402,0.884912052,0.460233277
666.776,0.43585875,0.546302596,0.528552693,0.551233125,0.53151101,0.71098226,0.719857212,0.748454279,0.72971827,0.770148606,0.361900817,0.845092645,0.360914712,0.682385193,0.42895601,0.797759568,0.438817068
666.832,0.410083104,0.496052333,0.500993093,0.527673198,0.492099724,0.640322533,0.660085574,0.684789375,0.690718288,0.694670896,0.339924308,0.769770452,0.342888764,0.651192205,0.410083104,0.752971867,0.423917232
666.888,0.384865889,0.47466793,0.459865396,0.471707423,0.435194505,0.569404149,0.599996053,0.628614285,0.616772258,0.626640614,0.29012967,0.723350504,0.299998026,0.592101368,0.367102848,0.663153532,0.404602601
666.944,0.369674805,0.429969359,0.438865276,0.454680241,0.439853712,0.536720372,0.587130572,0.620737373,0.559454384,0.594049619,0.313333992,0.674112879,0.298507463,0.574280913,0.37066324,0.647425126,0.35385984
667,0.336348303,0.416243354,0.389611671,0.422161506,0.416243354,0.50797471,0.524742807,0.531647318,0.532633676,0.562224436,0.269275914,0.591815196,0.259412328,0.521783731,0.326484716,0.596746989,0.3531164
667.056,0.33851468,0.380952381,0.366148532,0.382926227,0.379965458,0.463853935,0.478657784,0.523069331,0.514187022,0.519121638,0.25067851,0.569454725,0.263508512,0.472736245,0.309893906,0.538860104,0.333580064
667.111,0.305248496,0.353653597,0.353653597,0.374398641,0.36254433,0.449475941,0.459354533,0.479111717,0.476148139,0.468245266,0.244001225,0.532456114,0.236098351,0.426755179,0.3003092,0.50084462,0.304260637
667.167,0.288534698,0.333988795,0.322131204,0.327071867,0.336953192,0.416003794,0.418968192,0.458493493,0.409086867,0.44564777,0.236163674,0.477268011,0.233199277,0.42193259,0.279641506,0.482208674,0.279641506
667.223,0.270563839,0.317961884,0.288338106,0.329811395,0.299200158,0.388071492,0.382146736,0.400908463,0.40387084,0.409795596,0.221190876,0.441394292,0.225140713,0.375234522,0.238965143,0.427569863,0.267601461
667.279,0.248347647,0.306724186,0.305734753,0.282977797,0.29781929,0.370047889,0.371037321,0.377963351,0.379942217,0.379942217,0.209759766,0.424466696,0.210749199,0.355206396,0.252305379,0.405667471,0.251315946
667.334,0.235338139,0.274725275,0.294418843,0.294418843,0.27767931,0.335775336,0.338729371,0.339714049,0.342668085,0.37023908,0.211705857,0.382055221,0.205797786,0.342668085,0.23435346,0.374177794,0.247154279
667.39,0.233517707,0.271118015,0.256275788,0.276065425,0.272107497,0.31762366,0.338402778,0.342360706,0.353245006,0.333455369,0.206801698,0.376003087,0.189980507,0.336423815,0.219664961,0.371055678,0.245391488
667.446,0.224182178,0.256629598,0.255646343,0.248763557,0.245813791,0.295959805,0.29890957,0.310708632,0.317591418,0.311691887,0.188784992,0.333323501,0.171086399,0.286127253,0.210416605,0.342172797,0.220249157
667.502,0.205158554,0.231789712,0.216008285,0.232776052,0.225871677,0.268284263,0.297874439,0.298860778,0.298860778,0.299847117,0.179513735,0.324505597,0.165704986,0.277161316,0.189377127,0.30872417,0.199240519
667.557,0.195281679,0.237691337,0.227828626,0.223883541,0.227828626,0.287004892,0.273197096,0.290949976,0.297853874,0.280100994,0.174569986,0.304757772,0.181473884,0.260375572,0.193309137,0.291936247,0.21402083
667.613,0.17689495,0.212471588,0.207530388,0.215436308,0.204565669,0.254965906,0.243107026,0.260895345,0.261883585,0.270777745,0.164047831,0.271765985,0.153177191,0.244095266,0.17985967,0.271765985,0.18381263
667.669,0.168234229,0.210538743,0.193813703,0.209554917,0.189878399,0.232182913,0.249891779,0.237102042,0.230215261,0.253827083,0.1633151,0.255794735,0.162331274,0.24497265,0.182007792,0.269568297,0.191846051
667.724,0.154093859,0.185702856,0.170886138,0.195580667,0.193605105,0.230153007,0.225214102,0.236079694,0.247933068,0.239043038,0.160020546,0.256823098,0.137301579,0.2410186,0.166935014,0.246945287,0.162983889
667.78,0.162044127,0.178841384,0.190698272,0.190698272,0.184769828,0.211447825,0.216388194,0.224292786,0.228245082,0.212435899,0.140306501,0.243066191,0.143270722,0.224292786,0.163032201,0.234173526,0.172912941
667.836,0.165133986,0.181944032,0.193809948,0.188865816,0.182932859,0.206664689,0.217541778,0.216552952,0.21160882,0.216552952,0.145357461,0.224463562,0.142390982,0.209631168,0.170078117,0.237318303,0.154256897
667.891,0.158913466,0.163848667,0.165822747,0.167796828,0.170757948,0.196420992,0.202343233,0.227019237,0.217148836,0.216161796,0.132263382,0.237876679,0.145094904,0.193459872,0.165822747,0.209252514,0.166809787
667.947,0.153477503,0.161398923,0.163379278,0.168330165,0.161398923,0.168330165,0.193084601,0.194074778,0.190114068,0.189123891,0.133673954,0.21288815,0.121791825,0.196055133,0.141595374,0.205956907,0.148526616
668.002,0.151458156,0.165317072,0.153438001,0.158387614,0.146508543,0.179175988,0.180165911,0.185115524,0.167296917,0.196004672,0.130669782,0.205903898,0.124730246,0.190065137,0.143538775,0.199964363,0.143538775
668.058,0.13439532,0.151194735,0.148230132,0.160088543,0.137359923,0.162064945,0.168982351,0.173923355,0.171946953,0.182817163,0.127477914,0.209498587,0.126489713,0.176887958,0.140324525,0.191710971,0.14625373
668.113,0.120883041,0.148626689,0.129800642,0.138718243,0.142681622,0.154571757,0.169434426,0.157544291,0.149617534,0.165471048,0.10998375,0.176370338,0.117910507,0.174388649,0.134754865,0.171416115,0.123855574
668.169,0.126363591,0.139197394,0.143146256,0.143146256,0.134261316,0.148082334,0.15992892,0.183622094,0.155980058,0.149069549,0.11550422,0.164864998,0.109580927,0.160916136,0.138210178,0.176711585,0.146107903
668.224,0.1315295,0.133507387,0.121640064,0.134496331,0.127573726,0.154275203,0.148341542,0.164164639,0.158230978,0.147352598,0.128562669,0.163175696,0.118673233,0.170098301,0.123617951,0.166142527,0.138452105
668.28,0.123592284,0.143367049,0.136445881,0.143367049,0.130513452,0.15424317,0.1601756,0.150288217,0.170062983,0.157209385,0.119637331,0.149299479,0.10876121,0.167096768,0.133479667,0.172040459,0.13743462
668.335,0.125779935,0.134693473,0.134693473,0.142616619,0.140635832,0.15549173,0.159453303,0.151530157,0.149549371,0.15846291,0.120827969,0.162424483,0.117856789,0.146578192,0.123799148,0.169357235,0.147568585
668.391,0.106798517,0.114709518,0.111742892,0.114709518,0.115698393,0.135475896,0.132509271,0.134487021,0.13053152,0.135475896,0.108776267,0.150309023,0.103831891,0.133498146,0.112731768,0.133498146,0.118665019
668.446,0.117083238,0.114106546,0.127005547,0.110137622,0.118075469,0.134943393,0.133951162,0.128990008,0.128990008,0.143873471,0.096246391,0.143873471,0.103192007,0.127997777,0.113114315,0.147842394,0.105176468
668.502,0.112798694,0.131598476,0.113788156,0.126651165,0.132587938,0.139514174,0.140503636,0.145450947,0.150398259,0.132587938,0.114777618,0.149408796,0.113788156,0.14644041,0.127640627,0.153366645,0.125661703
668.557,0.087035645,0.113739763,0.106816473,0.106816473,0.115717846,0.126597302,0.126597302,0.129564426,0.13253155,0.129564426,0.091980852,0.12560826,0.105827432,0.126597302,0.102860308,0.13253155,0.099893184
668.612,0.099925798,0.11179817,0.114766263,0.117734356,0.113776898,0.132574821,0.119713084,0.136532278,0.126638635,0.132574821,0.106851348,0.136532278,0.102893891,0.129606728,0.107840712,0.138511007,0.116744991
668.668,0.087016711,0.107782063,0.102837931,0.115692673,0.112726194,0.109759715,0.130525067,0.134480372,0.118659152,0.126569762,0.108770889,0.146346287,0.096904974,0.107782063,0.112726194,0.122614457,0.114703847
668.723,0.10197414,0.09999406,0.104944261,0.112864582,0.113854622,0.116824743,0.110884502,0.122764984,0.113854622,0.114844663,0.094053819,0.121774944,0.095043859,0.109894462,0.109894462,0.126725145,0.106924341
668.779,0.09594366,0.108802089,0.111769419,0.09792188,0.112758529,0.111769419,0.120671408,0.109791199,0.124627847,0.119682298,0.10286743,0.121660518,0.09693277,0.123638738,0.105834759,0.113747639,0.09693277
668.834,0.099662529,0.096702256,0.093741983,0.100649287,0.108543348,0.106569833,0.106569833,0.119397683,0.098675771,0.105583075,0.089794952,0.109530106,0.099662529,0.098675771,0.105583075,0.115450652,0.097689013
668.889,0.09479609,0.106645601,0.111582897,0.099733386,0.102695764,0.104670682,0.110595438,0.108620519,0.111582897,0.109607979,0.081959119,0.111582897,0.097758467,0.123432408,0.091833712,0.122444949,0.09380863
668.944,0.097918975,0.104842538,0.10780978,0.101875297,0.102864377,0.111766102,0.108798861,0.122645988,0.101875297,0.111766102,0.094951733,0.119678747,0.091984491,0.120667827,0.105831619,0.117700586,0.106820699
669,0.085034014,0.100854295,0.089977852,0.105798133,0.101843063,0.095910457,0.110741971,0.11964088,0.106786901,0.105798133,0.095910457,0.106786901,0.092944154,0.105798133,0.09492169,0.110741971,0.090966619
669.055,0.114550931,0.106650867,0.101713326,0.102700834,0.092825754,0.114550931,0.112575915,0.100725818,0.121463487,0.101713326,0.09480077,0.118500963,0.087888214,0.118500963,0.097763294,0.108625883,0.091838246
669.11,0.085914046,0.083939011,0.094801706,0.089864118,0.095789224,0.096776742,0.09776426,0.090851635,0.102701849,0.094801706,0.089864118,0.110601991,0.082951493,0.090851635,0.0888766,0.105664402,0.093814189
669.165,0.081976928,0.085927623,0.085927623,0.082964602,0.088890645,0.098767383,0.08000158,0.097779709,0.095804362,0.091853666,0.081976928,0.100742731,0.083952276,0.087902971,0.082964602,0.097779709,0.081976928
669.221,0.087965525,0.090930655,0.091919032,0.085988772,0.098837669,0.091919032,0.100814422,0.098837669,0.106744683,0.109709813,0.086977149,0.095872539,0.107733059,0.101802799,0.085988772,0.106744683,0.098837669
669.276,0.085063451,0.091987221,0.093965441,0.10286743,0.091987221,0.091987221,0.10286743,0.092976331,0.09594366,0.112758529,0.09495455,0.09792188,0.081107012,0.086052561,0.080117902,0.115725858,0.090009001
669.331,0.089922726,0.079052946,0.084981917,0.090910888,0.087946402,0.080041108,0.088934564,0.087946402,0.099804344,0.093875373,0.083005593,0.087946402,0.084981917,0.088934564,0.081029269,0.090910888,0.084981917
669.386,0.087203829,0.078285256,0.086212876,0.074321445,0.085221924,0.092158592,0.088194782,0.085221924,0.092158592,0.09513145,0.075312398,0.096122402,0.083240019,0.09513145,0.084230971,0.084230971,0.090176687
669.441,0.082199378,0.086160794,0.082199378,0.091112564,0.098045041,0.091112564,0.106958227,0.108938935,0.099035395,0.102006457,0.094083625,0.102996811,0.077247608,0.113890705,0.094083625,0.099035395,0.097054687
669.497,0.085034854,0.088989964,0.07910219,0.082068522,0.085034854,0.091956296,0.094922628,0.087012409,0.096900183,0.082068522,0.086023632,0.099866515,0.085034854,0.091956296,0.0830573,0.089978741,0.088989964
669.552,0.075337034,0.082275971,0.075337034,0.088223632,0.082275971,0.085249802,0.093180016,0.088223632,0.089214909,0.074345757,0.086241079,0.085249802,0.084258525,0.088223632,0.081284695,0.090206186,0.079302141
669.607,0.085109752,0.091047642,0.083130455,0.089068345,0.09203729,0.093026938,0.0860994,0.085109752,0.095995883,0.079171862,0.0860994,0.098964828,0.091047642,0.095995883,0.094016587,0.095995883,0.09203729
669.662,0.07120394,0.073181827,0.073181827,0.083071263,0.074170771,0.073181827,0.080104432,0.065270278,0.089004925,0.067248166,0.07120394,0.083071263,0.073181827,0.073181827,0.077137602,0.079115489,0.073181827
669.717,0.07585609,0.089648107,0.093588683,0.097529259,0.092603539,0.097529259,0.091618395,0.092603539,0.099499547,0.098514403,0.088662963,0.102454979,0.082752098,0.096544115,0.081766954,0.095558971,0.091618395
669.772,0.063301781,0.05835633,0.066269052,0.05934542,0.069236323,0.074181775,0.072203594,0.075170865,0.071214504,0.075170865,0.067258143,0.070225414,0.074181775,0.076159956,0.068247233,0.076159956,0.075170865
669.827,0.077504745,0.06856189,0.074523793,0.076511094,0.079492046,0.084460299,0.084460299,0.085453949,0.089428552,0.084460299,0.079492046,0.0864476,0.06856189,0.091415853,0.070549191,0.081479347,0.081479347
669.882,0.065320665,0.067300079,0.075217736,0.083135392,0.081155978,0.068289786,0.067300079,0.076207443,0.074228029,0.080166271,0.07719715,0.074228029,0.069279493,0.081155978,0.072248614,0.090063341,0.069279493
669.937,0.067236862,0.078113413,0.0830573,0.086023632,0.092945073,0.076135858,0.073169526,0.073169526,0.088001187,0.078113413,0.086023632,0.094922628,0.070203194,0.089978741,0.077124635,0.089978741,0.078113413
669.992,0.063413426,0.077285113,0.085211791,0.071340104,0.065395095,0.076294278,0.077285113,0.071340104,0.08719346,0.080257617,0.072330939,0.082239287,0.082239287,0.082239287,0.078275947,0.096110973,0.077285113
