|              ra|              dec|
|          double|           double|
|             deg|              deg|
   137.8907628155     51.2544461610
   117.7334996836     23.8958718025
   140.8223420428     40.2001124092
   139.3801359574     41.9936414809
   126.4354228307     27.8745380351
   133.8882830176     31.2116479285
   138.1849741656     34.9255496114
   207.1881827146     41.7099062661
   207.1625043632     43.4122663437
   208.0408754838     43.2429862290
   207.4396801903     39.7141562503
   207.6727860752     40.2793191462
   208.2579123571     39.5808092654
   208.1036871320     39.5576150589
   207.8557153896     40.2132408466
   208.5156703835     39.9851829935
   155.0151644668     38.6155526111
   200.0887398873     41.4761486111
   202.2073703650     46.2623842488
   202.0419183055     46.6721054109
   202.1402649555     46.4999151824
   202.1387226117     46.9271746995
   118.4387100627     21.0494428893
   124.2268741068     24.1766335150
   127.0925059298     25.1242833796
   128.4273497348     27.7122165824
   193.6831069356      8.0530873215
   145.8793954737     31.9769851849
   147.7308018435     28.5510650039
   164.9428115153     33.3918065979
   163.2837717757     33.9103435116
   163.1597999991     34.4829984461
   200.7351535559     28.3164212001
   198.6268204383     35.3875042731
   162.1033623585     34.7113971552
   162.4804659664     32.9905816519
   139.2723205528     25.4296211911
   168.6551039365     30.3141922138
   158.6242241602     35.2567640112
   208.7712318978     32.9028475617
   165.8082155985     27.9695638919
   170.1324979720     26.9633878778
   196.4482333565     27.7342017513
   157.7782742976     28.7966447953
   154.4494312207     21.8733418045
   197.1429742420     21.0497139316
   198.1741698384     22.8298213652
     7.2129770518     28.9395584861
    46.5551869843     41.8488876131
    50.0716538660     80.2464561686
    59.7550419166     79.5560817792
   135.0554943141     31.9984492683
   139.1970223292     34.4298569527
   139.3401874503     41.9108124736
   142.5706702972     29.5399593473
   153.5908209384     22.1249212308
   161.4974226291     34.9648656018
   193.8476466647      7.9100454491
   194.5932647499      2.7926917219
   199.9140126467     30.2565890407
   204.0652256498     46.2000234052
   205.1240323766     42.9927228239
   206.1182376204     35.1925887020
   208.2020171653     37.4909313909
   208.4980795328     39.7154857329
   128.3464114125     29.5388282001
   145.7767421475     41.0933827391
   147.4216756091     32.2211099086
   148.0339769889     29.2361919097
   162.6894518999     28.4691069946
   177.3483030865     26.7416474578
   177.5185682269     26.4792599987
   194.4588243314     29.6545410354
   198.4221649567     22.6257982770
   203.7425665504     45.7801038175
   204.6020232751     33.1178733429
   206.5777243107     43.8513547092
   208.3926939188     37.5222560770
   193.7926120104      7.9178511083
