#Center wavelength: 664.67nm
#Bandwidth: 50% 7.41nm
#Peak transmission: 91.99%
#FWHM Coordinates: 660.973nm, 668.381nm
#Angle of incidence: 0 degree
#
6560    0.00
6565    0.25
6570    0.25
6575    0.80
6580    1.00
6585    1.30
6590    2.50
6595    5.00
6600   10.00
6605   23.00
6610   50.00
6615   73.00
6620   88.60
6625   91.30
6630   92.00
6635   91.60
6640   91.00
6645   88.30
6650   86.60
6655   84.60
6660   85.00
6665   87.30
6670   88.00
6675   85.00
6680   65.00
6685   37.50
6690   22.50
6695   11.30
6700    6.30
6705    3.30
6710    2.00
6715    1.60
6720    0.60
6725    0.25
6730    0.10
6735    0.00
6740    0.00
