#Center wavelength: 659.42nm
#Bandwidth: 50% 6.71nm
#Peak transmission: 90.34%
#FWHM Coordinates: 656.076nm, 662.787nm
#Angle of incidence: 0 degree
#
6510    0.00
6515    0.25
6520    0.25
6525    0.50
6530    1.00
6535    1.33
6540    3.00
6545    5.00
6550    9.95
6555   20.00
6560   42.50
6565   62.60
6570   82.00
6575   89.00
6580   89.95
6585   89.00
6590   90.30
6595   90.00
6600   89.50
6605   90.00
6610   89.00
6615   85.00
6620   75.00
6625   57.00
6630   36.50
6635   18.80
6640   10.30
6645    5.50
6650    3.00
6655    1.00
6660    0.60
6665    0.30
6670    0.20
6675    0.00
