#Center wavelength: 662.65nm
#Bandwidth: 50% 7.32nm
#Peak transmission: 88.40%
#FWHM Coordinates: 658.996nm, 666.316nm
#Angle of incidence: 9.59 degree
#
6540    0.00
6545    0.30
6550    0.60
6555    0.80
6560    1.00
6565    1.60
6570    2.30
6575    5.00
6580    10.00
6585   25.00
6590   46.00
6595   67.30
6600   83.80
6605   88.00
6610   88.30
6615   87.80
6620   85.00
6625   84.00
6630   83.30
6635   83.00
6640   84.00
6645   85.80
6650   87.30
6655   78.60
6660   58.60
6665   35.00
6670   19.00
6675    9.00
6680    5.00
6685    3.30
6690    2.00
6695    1.00
6700    0.80
6705    0.50
6710    0.30
6715    0.00
