# NED name, Filament
# RA, DEC, V
# CO : Observed at IRAM/30m =O,  Literature=L not observed=N
# Detected (Y=1/N=0 unclear=2)]
# HI (Y=1/N=0) N=not observed
# HI Jy km/s
# H2 mass/Msun
# Reference for H2
########
#        ID   Fil   RA1 RA2 RA3   DEC1 DEC2 DEC3  v     CO?  dete HI?  HIJykm/s H2mass Ref-H2
   CGCG118-019 L2B   07 53 45.27   21 02 57.90   2106     L   1  1     1.8    7.26
        IC2256 L2B   08 16 54.45   24 10 35.76   2208     O   2  1     5.0    7.16
       NGC2577 L2B   08 22 43.45   22 33 11.10   2062     L   0  0    <0.3   <7.71
       UGC4375 L2B   08 23 11.28   22 39 52.92   2061     O   1  1    16.4    8.15 
        IC2361 L2B   08 25 44.49   27 52 28.20   2062     O   1  1     1.0    8.04
       UGC4395 L2B   08 25 47.59   28 07 04.80   2192     O   0  1     6.2   <7.60 
       NGC2592 L2B   08 27 08.05   25 58 13.10   1979     L   0  1     0.6   <7.54
       NGC2594 L2B   08 27 17.16   25 52 43.70   2362     L   0  1     2.7   <7.83
      SHOC206b L2B   08 27 18.07   46 02 03.10   2154     O   0  1     1.4   <7.42
       NGC2604 L2B   08 33 23.13   29 32 19.68   2078     O   1  1    12.0    7.74
   KUG0830+278 L2B   08 33 42.55   27 42 43.92   2250     O   0  1     1.6   <7.82
       NGC2608 L2B   08 35 17.04   28 28 30.72   2135     O   1  1     6.2    8.65
       UGC4551 L2B   08 44 05.92   49 47 37.90   1728     L   0  0    <0.2   <7.62
       UGC4559 L2B   08 44 07.68   30 07 08.76   2085     O   1  1    19.2    8.17
   KUG0848+311 L2B   08 51 32.06   30 58 03.72   2046     O   0  0    <0.2   <7.60
       NGC2679 L2B   08 51 32.94   30 51 55.30   2017     L   0  1     0.3   <7.87
       UGC4659 L2B   08 54 40.53   47 06 17.60   1756     O   0  1     7.3   <7.60
      PGC25063 L2B   08 55 33.19   31 12 41.76   2039     O   1  1     0.4    8.32
       NGC2712 L2B   08 59 30.47   44 54 50.00   1815     O   1  1    24.3    8.66
   CGCG150-056 L2B   09 00 13.32   31 59 54.24   1892     O   0  1     0.5   <7.42
       UGC4722 L2B   09 00 23.54   25 36 40.60   1794     L   1  1    11.8    8.08   Lisenfeld 2011
       NGC2780 L2B   09 12 44.40   34 55 31.80   1979     O   1  1     1.4    8.32
       NGC2793 L2B   09 16 47.28   34 25 47.64   1687     O   1  1     8.0    7.82
        IC2450 L2B   09 17 05.28   25 25 45.00   1644     O   1  1     0.7    8.0
       NGC2798 L2B   09 17 22.79   41 59 59.00   1726     O   1  1     9.0    9.33
       NGC2799 L2B   09 17 31.03   41 59 38.70   1673     O   1  1     9.6    7.75
       NGC2844 L2B   09 21 48.01   40 09 04.50   1486     O   1  1     9.5    8.46
       NGC2852 L2B   09 23 14.59   40 09 49.70   1781     L   0  1     4.0   <7.68
       NGC2853 L2B   09 23 17.33   40 12 00.20   1765     O   1  1     3.8    8.07
       NGC2859 L2B   09 24 18.53   34 30 48.60   1690     L   0  1     3.5   <7.61
       UGC5015 L2B   09 25 48.00   34 16 37.50   1650     O   0  1     4.0   <7.60
       UGC5020 L2B   09 26 01.48   34 39 12.24   1625     O   1  1     7.6    6.76
       NGC2893 L2B   09 30 16.96   29 32 24.00   1699     O   1  1     5.1    8.54
   KUG0933+293 L2B   09 36 07.52   29 06 42.90   1652     L   1  1     0.6    6.95
       NGC2964 L2B   09 42 54.23   31 50 50.60   1328     L   1  1    25.7    9.34 Young95
       NGC2968 L2B   09 43 12.01   31 55 43.30   1566     O   0  1    21.7   <7.60 
       NGC2970 L2B   09 43 31.05   31 58 37.20   1618     O   0  1    0.36   <7.72
        MRK408 L2B   09 48 04.69   32 52 57.00   1524     O   1  1     2.8    7.56
       NGC3003 L2B   09 48 35.46   33 25 17.30   1478     O   1  1   113.0    8.39
       NGC3026 L2B   09 50 55.39   28 33 03.96   1490     O   1  1    11.4    7.65
       NGC3021 L2B   09 50 57.15   33 33 13.10   1541     O   1  1    13.0    8.90
       UGC5287 L2B   09 51 28.09   32 56 35.00   1470     O   1  1     5.0    7.36 
       NGC3032 L2B   09 52 08.15   29 14 10.40   1562     L   1  1     1.4    8.41
       UGC5326 L2B   09 55 24.50   33 15 46.00   1417     O   1  1     4.3    7.0
       NGC3067 L2B   09 58 21.08   32 22 11.60   1476     O   1  1    13.8    8.98
       NGC3098 L2B   10 02 16.69   24 42 39.90   1397     L   0  1     5.3   <7.47
       UGCA201 L2B   10 06 18.11   28 56 40.40   1363     O   1  1     1.0    7.29
       NGC3118 L2B   10 07 11.54   33 01 38.60   1342     O   1  1    35.9    7.46
         IC598 L2B   10 12 48.57   43 08 43.90   2256     L   0  0    <0.2   <8.00
       NGC3193 L2B   10 18 24.90   21 53 38.30   1381     L   0  1     0.7   <7.91
       UGC5577 L2B   10 20 03.64   38 36 56.00   2007     O   1  1     4.2    7.58
       UGC5588 L2B   10 20 57.13   25 21 53.40   1291     O   1  1     3.3    8.36
      NGC3245A L2B   10 27 01.13   28 38 21.60   1322     O   0  1    12.5   <7.82
       NGC3245 L2B   10 27 18.39   28 30 26.80   1326     L   1  0    <0.7    7.27  Atlas3D
       NGC3248 L2B   10 27 45.44   22 50 49.90   1481     L   0  0    <0.2   <7.55
       NGC3254 L2B   10 29 19.94   29 29 30.60   1355     O   1  1    59.8    7.65
       NGC3265 L2B   10 31 06.77   28 47 48.00   1319     L   0  1     1.8   <8.15  Wilson 2012x
       NGC3277 L2B   10 32 55.45   28 30 42.20   1408     L   1  1     4.7    8.6
  KUG1032+379B   3   10 35 22.72   37 40 18.00   1697     O   0  1     2.0   <7.72 
   CGCG124-041 L2B   10 35 42.04   26 07 33.00   1392     O   1  1     1.1    7.47
       NGC3294 L2B   10 36 16.25   37 19 28.90   1586     L   1  1    19.4    9.0
       UGC5870 L2B   10 45 59.38   34 57 53.60   2032     O   1  1     3.4    7.61
       NGC3380 L2B   10 48 12.18   28 36 06.40   1606     L   0  1     2.8   <7.80  Boselli 2014 
       NGC3381 L2B   10 48 24.82   34 42 41.10   1629     O   1  1    16.4    8.1
       NGC3424 L2B   10 51 46.33   32 54 02.70   1494     L   1  1    13.7    8.2
       NGC3430 L2B   10 52 11.40   32 57 01.60   1586     L   1  1    98.5    9.0
       UGC5990 L2B   10 52 38.34   34 28 59.30   1569     O   1  1     3.0    7.37
       NGC3442 L2B   10 53 08.11   33 54 37.30   1733     O   1  1     3.0    8.35
       UGC6070 L2B   10 59 46.28   33 23 30.60   1853     O   1  1     6.2    7.56
       NGC3504 L2B   11 03 11.21   27 58 21.00   1525     L   1  1     7.2    9.3
       NGC3595   3   11 15 25.55   47 26 49.30   2177     L   0  0    <0.2   <7.84
       NGC3629 L2B   11 20 31.81   26 57 48.10   1508     O   1  1    29.0    7.14
       NGC3648   3   11 22 31.49   39 52 37.00   1970     L   0  0    <0.2   <7.77
       NGC3658   3   11 23 58.49   38 33 46.90   2039     L   0  1     0.5   <7.82
       NGC3665   3   11 24 43.40   38 45 43.90   2069     L   1  0    <0.2    9.91
       UGC6455   3   11 27 21.91   40 00 47.00   2025     O   0  1     1.2   <7.42 
       NGC3687   3   11 28 00.60   29 30 39.80   2507     O   1  1     9.6    8.01
       NGC3689   3   11 28 10.99   25 39 40.00   2739     O   1  1     5.4    9.02
       NGC3694   3   11 28 54.12   35 24 50.40   2243     L   0  1    0.24   <7.91
   KUG1127+385   3   11 30 33.37   38 14 26.60   1924     O   2  1     1.1    7.15
   KUG1128+358   3   11 31 07.42   35 35 23.10   1880     O   1  1     2.0    7.30
   KUG1128+368   3   11 31 09.55   36 36 02.50   1968     O   1  1     0.9    7.26
       UGC6517   3   11 32 02.39   36 41 52.70   2491     O   1  1     7.0    8.01
       UGC6526   3   11 32 39.50   35 19 42.10   1840     O   1  1     3.1    8.0
   KUG1130+337   3   11 33 30.15   33 30 27.80   2574     O   1  1     1.0    7.81
       UGC6545   3   11 33 44.00   32 38 00.90   2619     O   1  1     0.9    8.20
       UGC6610   3   11 38 44.09   33 48 20.90   1851     O   1  1    15.7    7.28
       NGC3786   3   11 39 42.50   31 54 32.90   2678     O   1  1    12.5    8.74
       NGC3788   3   11 39 44.65   31 55 52.30   2699     O   1  1    15.9    8.43
       UGC6637 L2B   11 40 24.87   28 22 26.30   1836     O   1  1     1.7    7.5
       NGC3900 L2B   11 49 09.46   27 01 19.30   1798     O   1  1    25.0    7.77
       UGC6791   3   11 49 23.61   26 44 29.70   1852     O   1  1     6.4    7.52
       NGC3899 L2B   11 50 04.46   26 28 45.30   1779     O   1  1     6.9    8.33
       UGC7039   C   12 03 50.57   16 33 16.30   2064     O   0	 1    9.83   <7.60 
       UGC7143   C   12 09 46.74   25 01 34.50   2573     O   1	 1    8.40    7.51
       NGC4152   C   12 10 37.50   16 01 58.50   2169     O   1	 1   19.77    8.60
      PGC38859   C   12 11 57.75   20 01 40.30   2400     O   1	 1    4.15    7.23
         IC777   C   12 19 23.76   28 18 35.80   2527     O   1	 1    8.14    8.16
       NGC4793   1   12 54 40.62   28 56 19.20   2484     O   1  1    33.8    9.07
       UGC8076   1   12 57 49.94   29 39 15.10   2526     O   1  1     3.0    7.08
       NGC4961   1   13 05 47.57   27 44 02.90   2535     O   1  1    16.8    8.04
         IC851   1   13 08 34.27   21 02 59.90   2615     O   1  1     9.1    7.58
       NGC5012   1   13 11 37.04   22 54 55.80   2619     O   1  1    18.1    8.89
       NGC5016   1   13 12 06.68   24 05 42.00   2612     O   1  1    11.1    8.42
      NGC5012A   1   13 12 41.78   22 49 47.20   2581     O   1  1     6.1    7.38
       UGC8318   1   13 14 30.59   35 23 12.60   2395     O   1  1    16.8    7.40
       NGC5089   C   13 19 39.36   30 15 23.60   2188     O   1	 1    8.32    7.95
       NGC5116   1   13 22 55.61   26 58 50.60   2891     O   1  1    10.1    8.34
       NGC5117   1   13 22 56.47   28 18 59.10   2382     O   1  1    13.5    7.44
       UGC8409   1   13 23 00.86   23 18 22.90   2805     O   1  1    11.4    7.04
       NGC5169   1   13 28 10.05   46 40 19.70   2436     O   1  1    11.0    7.75
       NGC5173   1   13 28 25.27   46 35 29.90   2424     L   1  1     4.7    8.28  Atlas3D 
        IC4263   1   13 28 33.19   46 55 37.80   2719     O   2  1     6.8    6.66
      PGC47274   1   13 28 33.65   46 29 59.70   2574     O   1  1     3.1    7.4
   CGCG246-005   1   13 28 49.76   46 15 44.60   2672     O   1  2     0.3    7.82
       NGC5198   1   13 30 11.40   46 40 14.80   2519     L   0  1     0.8   <7.89  Atalas3D 
       NGC5240   C   13 35 55.20   35 35 17.70   2260     O   1	 1    3.66    8.0
       NGC5248 V3W   13 37 32.02   08 53 06.60   1151     L   1  1    73.6    9.7
       UGC8630   1   13 38 24.87   33 07 03.70   2438     O   1  1    16.5    7.91
       UGC8656   1   13 40 31.19   42 59 38.00   2865     O   1  1     2.3    7.86
       UGC8662   C   13 41 17.25   33 46 21.40   2023     O   0	 1    2.70   <7.90 
       UGC8693   1   13 44 28.40   35 11 31.90   2438     O   1  1     7.8    7.83
       NGC5289   1   13 45 08.71   41 30 12.20   2526     O   1  1     8.9    7.78
       NGC5290   1   13 45 19.18   41 42 45.30   2573     O   1  1    19.3    8.97
       NGC5297   1   13 46 23.67   43 52 20.40   2409     O   1  1    53.8    8.42
       NGC5300 V3W   13 48 16.04   03 57 03.10   1171     L   1  1    16.8    8.30
       UGC8733   1   13 48 38.99   43 24 44.20   2338     O   1  1    21.0    7.53
       MRK1484   1   13 48 45.16   41 42 35.30   2695     O   1  1     1.3    8.24 
       NGC5311   1   13 48 56.08   39 59 06.40   2698     O   1  1     5.1    8.59
       UGC8736   1   13 49 04.55   39 29 51.60   2384     O   1  1     3.0    7.92
       NGC5313   1   13 49 44.34   39 59 05.20   2538     O   1  1     8.3    8.87
       NGC5320   1   13 50 20.38   41 21 58.40   2619     O   1  1    26.2    8.30
        IC4336   1   13 50 43.37   39 42 24.40   2530     O   1  1     .35    8.39
       NGC5326   1   13 50 50.70   39 34 29.50   2520     O   1  1     1.8    7.66
        MRK462   1   13 51 25.37   40 12 47.70   2466     O   1  0    <0.2    7.46
       NGC5336   1   13 52 09.79   43 14 34.60   2336     O   1  1    10.3    7.73
       NGC5337   1   13 52 23.03   39 41 14.10   2165     O   1  1     3.3    8.23
     ASK322610   1   13 52 24.87   39 33 27.40   2703     O   1  0    <0.2    7.35
       NGC5346   1   13 53 01.89   39 34 50.80   2519     O   1  1     5.0    7.41
       NGC5347   1   13 53 17.83   33 29 27.00   2335     O   1  1    15.4    8.54
       NGC5350   1   13 53 21.60   40 21 50.00   2321     O   1  1      25    8.66
       NGC5353   1   13 53 26.69   40 16 58.90   2325     L   1  1    17.6    8.12 CLoGS2
       NGC5355   1   13 53 45.56   40 20 19.20   2344     L   0  1    17.5   <7.94 Atlas3D 
   CGCG219-021   1   13 53 59.49   39 42 56.00   2613     O   1  2     0.2    7.49
       NGC5358   1   13 54 00.41   40 16 38.30   2412     O   1  1     5.3    7.20
       NGC5348 V3W   13 54 11.27   05 13 38.80   1451     O   1  1    17.4    7.90
       NGC5362   1   13 54 53.30   41 18 48.70   2175     O   1  1    10.9    8.02
       NGC5356 V3W   13 54 58.46   05 20 01.40   1374     L   1  1     4.9    8.6
       NGC5360 V3W   13 55 38.75   04 59 06.20   1171     O   1  1     0.6    7.61
       NGC5371   1   13 55 39.94   40 27 42.30   2558     O   1  1    33.2    8.70
       NGC5363 V3W   13 56 07.21   05 15 17.20   1139     L   1  1     1.9    8.7
       NGC5364 V3W   13 56 12.00   05 00 52.10   1241     L   1  1    52.3    8.6
       NGC5375   1   13 56 56.00   29 09 51.70   2386     O   1  1    15.2    7.85
       NGC5383   1   13 57 04.97   41 50 46.50   2270     O   1  1    27.8    9.16
       NGC5403   1   13 59 50.75   38 10 57.20   2746     O   1  1    27.8    8.82
        ARK435   1   13 59 57.09   38 12 03.30   2730     O   1  1    27.8    7.0
   KUG1358+387   1   14 00 25.00   38 31 13.00   2609     O   1  1     1.8    7.34
        MRK465   1   14 01 24.02   36 48 00.30   2706     O   1  0    <0.2    7.46
       NGC5470 V3W   14 06 31.91   06 01 46.90   1026     O   1  1     5.6    8.16
       NGC5560 V3W   14 20 04.49   03 59 32.90   1729     L   1  1     7.9    8.8
       NGC5566 V3W   14 20 19.89   03 56 01.50   1507     O   1  1    18.7    8.83
       NGC5574 V3W   14 20 55.97   03 14 16.80   1589     L   0  1     0.7   <7.51
       NGC5576 V3W   14 21 03.68   03 16 15.60   1506     L   1  1     0.3    8.2
       NGC5577 V3W   14 21 13.11   03 26 08.80   1489     L   1  1    10.5    8.3
       UGC9215 V3W   14 23 27.12   01 43 34.70   1397     O   1  1    20.1    7.46
       NGC5636 V3W   14 29 39.02   03 15 58.70   1745     O   1  1     1.3    7.61
       NGC5638 V3W   14 29 40.38   03 13 59.90   1676     L   1  1     0.7    8.0
        IC1022 V3W   14 30 01.84   03 46 22.30   1722     O   1? 1     5.4    7.07
       NGC5645 V3W   14 30 39.35   07 16 30.30   1370     L   1  1    21.2    8.5
        IC1024 V3W   14 31 27.20   03 00 32.70   1479     L   1  1     9.8    8.6
       NGC5661 V3W   14 31 57.39   06 15 01.50   2354     O   1  1    16.5    8.15
       UGC9348 V3W   14 32 28.51   00 17 38.40   1672     O   1  1     5.5    7.29
       NGC5668 V3W   14 33 24.34   04 27 01.60   1577     O   1  1    52.1    7.77
       NGC5692 V3W   14 38 18.11   03 24 37.20   1561     O   1  1     3.8    8.07
       NGC5701 V3W   14 39 11.08   05 21 48.50   1505     O   0  1    64.6   <7.72 
       NGC5725 V3W   14 40 58.32   02 11 11.60   1627     O   1  1     1.8    7.79
        IC1048 V3W   14 42 58.00   04 53 22.10   1636     O   1  1    14.8    8.54
       NGC5740 V3W   14 44 24.45   01 40 47.20   1572     O   1  1    35.8    8.86
       NGC5746 V3W   14 44 55.92   01 57 18.00   1724     O   1  1    48.8    8.32
       UGC9556   R   14 49 46.09   60 23 54.70   2324     O   1	 1     11.6   7.12
       NGC5777   R   14 51 17.85   58 58 40.60   2145     O   1	 1     34.6   8.61
        IC1066 V3C   14 53 02.80   03 17 46.00   1577     O   1  1     8.3    8.14
        IC1067 V3C   14 53 05.25   03 19 54.40   1577     O   1  1    15.8    7.67
       NGC5770 V3W   14 53 15.02   03 57 35.00   1471     L   0  0     0.7   <7.3     
       NGC5806 V3W   15 00 00.40   01 53 28.70   1359     O   1  1    13.5    8.85
       NGC5813 V3C   15 01 11.23   01 42 07.10   1956     L   0  1     0.3   <7.69
       UGC9661 V3W   15 02 03.51   01 50 28.60   1242     O   1  1    1.44    7.99
       NGC5831 V3C   15 04 07.00   01 13 11.70   1656     L   0  0    <0.4   <7.85
       NGC5838 V3W   15 05 26.26   02 05 57.60   1341     L   0  0     0.7   <7.56  Atlas3D 
       NGC5839 V3W   15 05 27.49   01 38 05.30   1220     L   0  1     0.7   <7.4
     ASK110438   R   15 05 35.73   59 05 37.60   2606     O   1	 1     0.6    7.72
       NGC5845 V3W   15 06 00.81   01 38 01.70   1472     L   0  0    <0.2   <7.5
       NGC5846 V3C   15 06 29.28   01 36 20.20   1712     L   0  1     2.5   <7.7
       NGC5854 V3C   15 07 47.70   02 34 07.10   1663     L   0  1     0.3   <7.6
   CGCG021-013 V3C   15 08 05.85   01 39 05.50   1837     O   1  N     xxx    7.81
       NGC5864 V3C   15 09 33.55   03 03 10.00   1885     L   0  1     1.0   <7.74  
       NGC5869 V3C   15 09 49.44   00 28 12.10   2085     L   0  0    <0.1   <7.63
       NGC5894   R   15 11 40.98   59 48 32.20   2466     O   1	 1     14.1   8.52
        MRK847   R   15 13 29.18   58 30 33.70   2540     O   1	 1     0.5    8.03
   CGCG021-058 V3C   15 15 34.61   02 14 53.80   1918     L   0  2     0.2   <7.73
       UGC9837   R   15 23 51.67   58 03 10.60   2657     O   1	 1     11.1   7.38
       NGC5951 V3R   15 33 43.06   15 00 26.20   1780     O   1	 1     21.6   8.15
       NGC5953 V3R   15 34 32.38   15 11 37.60   1965     O   1	 1     7.1    9.26
       NGC5954 V3R   15 34 35.02   15 12 00.30   1959     O   1	 1     9.7    8.96
       NGC5956 V3R   15 34 58.54   11 45 01.00   1899     O   1	 1     7.3    8.26
       NGC5957 V3R   15 35 23.21   12 02 51.40   1827     O   1	 1     26.    8.22
       NGC5981   R   15 37 53.45   59 23 30.30   1764     O   1	 1     14.5   8.45
       NGC5970 V3R   15 38 29.97   12 11 11.80   1957     O   1	 1     27.7   8.55
       NGC5982   R   15 38 39.83   59 21 21.00   3017     L   0	 0    <0.2   <7.40  CLoGS1 
       NGC5985   R   15 39 37.09   59 19 55.00   2517     O   1	 1     42.7   8.15
       NGC5989   R   15 41 32.80   59 45 18.80   2878     O   1	 1     3.5    8.36
       UGC9991 V3R   15 43 23.97   14 26 08.90   1932     O   0	 1     7.8   <7.97 
       NGC6012 V3R   15 54 13.94   14 36 04.50   1854     O   1	 1     23.    8.43 
      UGC10086 V3R   15 54 41.25   16 37 01.90   2217     O   1	 1     3.3    8.0
        IC1151 V3R   15 58 32.34   17 26 29.30   2169     O   1	 1     17.5   8.14
        IC1210   R   16 14 30.15   62 32 12.10   2929     O   1	 1     23.9   8.32
        ARK499   R   16 15 02.83   61 46 55.40   2942     O   1	 0    <0.3    8.04
      UGC10297 V3R   16 15 28.82   18 54 17.50   2305     O   1	 1     8.9    7.34
      UGC10413 V3R   16 29 27.13   21 20 11.70   2986     O   1	 1     19.4   7.53
       NGC6181 V3R   16 32 20.96   19 49 35.60   2375     O   1	 1     32.1   9.11
       NGC6186 V3R   16 34 25.48   21 32 27.20   2937     O   1	 1     2.27   8.95
       NGC6267 V3R   16 58 08.66   22 59 06.40   2980     O   1	 1     6.3    8.22
       NGC6276 V3R   17 00 45.09   23 02 38.40   2754     O   1	 1     1.8    7.51
       NGC6278 V3R   17 00 50.33   23 00 39.70   2832     O   0	 1     1.7   <7.82 
       NGC6306   R   17 07 36.98   60 43 44.00   2973     O   1	 1     1.2    8.53
      UGC10721 V3R   17 08 25.55   25 31 02.60   2920     O   1	 1     6.3    8.38
      UGC10968   R   17 44 10.45   57 59 16.40   2855     O   1	 1     3.6    7.47

